Inference for Stan model: anon_model_243a7228e2210375aaa4b75ff6b150ce.
4 chains, each with iter=2000; warmup=1000; thin=1; 
post-warmup draws per chain=1000, total post-warmup draws=4000.

              mean se_mean     sd   2.5%    25%    50%    75%  97.5%  n_eff   Rhat
beta[0]     8.4e-3  6.7e-3   0.05  -0.08-3.0e-3 3.0e-4   0.01   0.17     46   1.08
beta[1]      10.15    2.71   5.43   4.02   5.95   8.07   13.9  23.26      4   1.95
beta[2]       8.94    2.16   4.32   3.34   5.77   7.53  11.79  18.99      4   1.97
beta[3]      11.98    3.14   6.29   4.38   7.21   9.73  16.45  27.43      4   2.02
beta[4]      12.41    3.15    6.3   4.98    8.0  10.08  16.66  28.86      4   1.94
beta[5]      12.96    3.69    6.4   5.24   8.15  10.58  18.18  27.65      3   2.12
beta[6]     5.3e-3  9.3e-3   0.12  -0.16-5.8e-3 1.6e-5 6.0e-3   0.16    173   1.02
beta[7]       0.01    0.03   0.13  -0.24  -0.01-9.9e-5   0.01   0.44     18   1.27
beta[8]      -0.03    0.02   0.13  -0.48  -0.02-4.1e-4   0.01   0.12     42   1.06
beta[9]    -8.9e-3  7.7e-3   0.06  -0.17  -0.02-5.4e-4 8.1e-3   0.12     63   1.04
beta[10]    7.8e-3    0.01   0.07   -0.1-9.5e-3 1.6e-4   0.01   0.25     51   1.07
beta[11]    1.9e-3  4.7e-3   0.05  -0.11-7.1e-3 7.0e-4   0.01   0.11    126   1.03
beta[12]      0.02    0.02   0.08  -0.09-6.6e-3 6.7e-4   0.01   0.26     22   1.15
beta[13]    2.6e-3  6.8e-3   0.07  -0.11  -0.01-2.8e-4 5.7e-3   0.19    108   1.05
beta[14]      0.13    0.12   0.41  -0.19  -0.01-6.6e-5   0.01   1.65     12   1.32
beta[15]      -0.2    0.18    0.5   -1.7  -0.11-5.9e-3 4.2e-3   0.33      8   1.56
beta[16]    7.0e-3  8.9e-3   0.05  -0.07-5.2e-3 4.3e-4   0.01   0.16     30   1.13
beta[17]   -1.7e-3    0.04   0.15  -0.44  -0.01 2.6e-6   0.02   0.34     18   1.35
beta[18]      0.03    0.03   0.11   -0.1-9.6e-3 1.3e-3   0.03   0.38     12   1.35
beta[19]   -8.8e-3    0.01   0.06  -0.16  -0.02-10.0e-4 5.6e-3   0.12     28   1.16
beta[20]    5.2e-3  6.7e-3   0.06  -0.13-6.3e-3 2.5e-4   0.02   0.13     82   1.04
beta[21]      0.08    0.05   0.31  -0.15  -0.02-4.0e-5   0.01   1.23     34    1.1
beta[22]      0.14    0.18   0.39  -0.11-3.6e-3 2.4e-3   0.03   1.53      5    1.5
beta[23]   -1.7e-3    0.01   0.04  -0.12-5.4e-3-1.2e-5 4.4e-3   0.12     12    1.2
beta[24]   -4.4e-3  3.0e-3   0.05  -0.12-7.6e-3-1.2e-4 6.5e-3   0.08    290   1.01
beta[25]     -0.11     0.1   0.35  -1.39  -0.02-6.1e-4 4.1e-3   0.17     12   1.62
beta[26]     -0.02    0.02   0.11   -0.4  -0.01-5.3e-4 2.7e-3   0.15     25   1.18
beta[27]      0.04    0.03   0.12  -0.13-3.0e-3 1.7e-3   0.05   0.35     19   1.13
beta[28]     -0.12    0.12   0.54   -1.9  -0.03-1.7e-4 6.9e-3   0.59     21   1.21
beta[29]      0.08    0.05   0.22  -0.11-7.7e-3 9.9e-4   0.05   0.77     16    1.2
beta[30]   -2.3e-3    0.03   0.07  -0.21  -0.01 2.3e-4   0.02   0.16      8   1.23
beta[31]      0.01    0.03   0.15  -0.29-9.0e-3 2.2e-4   0.02   0.44     23   1.13
beta[32]      0.02    0.03   0.11  -0.18-6.8e-3 6.6e-4   0.01   0.38     14   1.28
beta[33]    8.8e-3  7.4e-3   0.04  -0.05-3.0e-3 2.5e-4 8.1e-3   0.14     35   1.09
beta[34]      0.01    0.02   0.15  -0.17  -0.02-8.8e-4 8.8e-3   0.47     61   1.06
beta[35]   -4.7e-3    0.01   0.08  -0.28-6.6e-3-1.9e-5 3.5e-3   0.19     38   1.11
beta[36]      0.05    0.06   0.18  -0.05-1.8e-3 9.5e-5 2.9e-3   0.75      9   1.66
beta[37]    8.0e-3  4.6e-3   0.06  -0.09-6.6e-3 6.5e-5 9.7e-3   0.16    155   1.03
beta[38]   -2.9e-3  6.2e-3   0.05  -0.15-1.9e-3-2.1e-5 2.3e-3   0.08     69   1.07
beta[39]    6.0e-3  6.1e-3   0.04  -0.07-3.4e-3 2.0e-4   0.01   0.09     42   1.07
beta[40]      0.01  6.9e-3   0.05  -0.06-3.0e-3 7.4e-4   0.02   0.13     44   1.06
beta[41]    9.9e-3  7.2e-3   0.05  -0.08-3.1e-3 1.0e-3   0.02   0.14     56   1.08
beta[42]      0.13    0.16   0.23  -0.07-3.2e-3 1.8e-3   0.26   0.61      2    4.8
beta[43]      0.07    0.06   0.17  -0.13-4.3e-3 1.2e-3    0.1   0.52      8   1.86
beta[44]   -1.2e-3  3.9e-3   0.04   -0.1-5.8e-3 8.1e-5 7.6e-3   0.08     89   1.04
beta[45]    3.3e-3  5.0e-3   0.03  -0.05  -0.01 1.0e-4   0.01   0.07     31   1.16
beta[46]   -4.8e-3  7.1e-3   0.05  -0.16  -0.01 8.3e-5 8.6e-3   0.11     56   1.07
beta[47]      0.03    0.03   0.11  -0.13  -0.02 1.1e-3   0.05   0.35     17   1.34
beta[48]   -3.0e-3  5.3e-3   0.06  -0.14  -0.02-5.1e-4 9.7e-3   0.11    118   1.02
beta[49]    8.7e-3    0.02   0.11  -0.28-4.0e-3 1.0e-3   0.03   0.22     28   1.16
beta[50]      0.02    0.06   0.15   -0.2  -0.02-6.5e-4   0.01   0.55      7   1.34
beta[51]     -0.02    0.02   0.14  -0.31  -0.02-6.6e-4   0.01   0.23     46   1.07
beta[52]      0.02    0.03   0.29  -0.33  -0.02 3.5e-5   0.02   0.41    103   1.06
beta[53]      0.07    0.04   0.13  -0.07-1.8e-3 7.3e-3   0.08    0.4     12   1.56
beta[54]    4.9e-3  6.5e-3   0.04  -0.07-6.3e-3 1.6e-4   0.01    0.1     36   1.11
beta[55]   -2.3e-3    0.02   0.11  -0.26  -0.01-9.5e-5   0.01   0.22     49   1.07
beta[56]    9.4e-4    0.01   0.05   -0.1-9.1e-3 2.6e-4   0.01   0.12     21   1.15
beta[57]     -0.19    0.21   0.76  -3.03  -0.02-3.5e-4 4.1e-3   0.21     13   1.29
beta[58]     -0.04    0.03   0.08  -0.26  -0.07-1.4e-3 6.8e-3   0.06      6   2.04
beta[59]      0.02  7.8e-3   0.07  -0.09-4.1e-3 1.0e-3   0.03   0.16     79   1.06
beta[60]    1.5e-3  2.6e-3   0.03  -0.05-6.3e-3 3.7e-5 7.3e-3   0.07    150    1.0
beta[61]   -8.4e-3    0.02   0.13  -0.31  -0.01 1.1e-3   0.02   0.16     59   1.04
beta[62]   -8.4e-3  9.3e-3   0.07  -0.18-6.5e-3-1.7e-4 6.4e-3   0.07     50   1.06
beta[63]   -1.4e-3    0.03   0.11  -0.25  -0.01-3.5e-4 4.2e-3   0.35     18   1.23
beta[64]    2.2e-3  5.6e-3   0.07  -0.16-7.2e-3-1.4e-4 8.4e-3   0.17    163   1.02
beta[65]      0.02    0.02   0.08  -0.05-7.9e-3 6.1e-4   0.02   0.26     13   1.42
beta[66]      0.02    0.02   0.05  -0.05-2.3e-3 7.6e-4   0.01   0.19      6   1.88
beta[67]     -0.01    0.02   0.07  -0.17  -0.03-1.6e-4   0.02   0.11     12   1.33
beta[68]    8.2e-3    0.02   0.05  -0.09  -0.01 2.5e-4   0.02   0.15      6   1.23
beta[69]      0.04    0.03   0.12  -0.05-2.1e-3 8.8e-4   0.03   0.43     13   1.47
beta[70]    3.7e-3    0.01   0.09  -0.16  -0.01-5.5e-5 9.1e-3   0.29     65   1.03
beta[71]       0.1    0.07   0.25  -0.18-3.9e-3 3.2e-3   0.08   0.84     11   1.51
beta[72]      0.03    0.02   0.09  -0.11-4.3e-3 9.9e-4   0.02   0.31     30   1.15
beta[73]      0.03    0.03   0.13   -0.1-3.4e-3 4.5e-4   0.02   0.54     24    1.2
beta[74]   -3.2e-3  6.7e-3   0.08  -0.15-8.5e-3 6.9e-4   0.02    0.1    129   1.05
beta[75]    6.7e-3  6.1e-3   0.05  -0.09  -0.01 1.1e-4   0.01   0.14     71   1.04
beta[76]    9.1e-3    0.02   0.11  -0.13-4.8e-3 5.9e-4   0.01   0.19     42   1.08
beta[77]      0.03    0.01   0.11  -0.09-4.7e-3 2.0e-3   0.04   0.35     71   1.04
beta[78]      0.03    0.03   0.18  -0.07-8.4e-3 2.0e-4   0.01   0.46     26   1.12
beta[79]    1.4e-3  9.3e-4   0.02  -0.04-2.5e-3 1.4e-4 5.2e-3   0.05    431    1.0
beta[80]     -0.01    0.02   0.13   -0.5  -0.01-3.1e-4   0.01   0.16     30   1.11
beta[81]     -0.02    0.03   0.15  -0.53  -0.01-5.4e-4 6.4e-3   0.14     24   1.13
beta[82]    1.0e-3  5.3e-3   0.04  -0.08-7.3e-3-2.2e-4 5.8e-3   0.11     55   1.07
beta[83]    2.7e-3  4.2e-3   0.09  -0.12-5.3e-3 5.1e-5 8.7e-3   0.19    411    1.0
beta[84]     -0.03    0.03   0.14  -0.47  -0.01-4.5e-4 4.2e-3   0.09     17   1.38
beta[85]      0.05    0.05   0.11  -0.09-5.4e-3 6.4e-4   0.03   0.34      6   1.98
beta[86]    7.9e-3  5.4e-3   0.04  -0.07-2.5e-3 3.3e-4 8.3e-3   0.13     50   1.08
beta[87]    8.0e-3  7.4e-3   0.05  -0.11-5.0e-3 8.8e-4   0.02   0.11     43   1.11
beta[88]     -0.02    0.03   0.15  -0.59  -0.02-3.1e-4 5.5e-3   0.19     31    1.1
beta[89]     -0.03    0.03   0.14  -0.56  -0.02-1.7e-3 5.0e-3   0.15     16   1.39
beta[90]      0.12    0.07   0.18  -0.08-1.5e-3 8.0e-3    0.3   0.52      6   1.64
beta[91]      0.03    0.02   0.14  -0.17-5.8e-3 7.2e-4   0.02   0.49     61   1.05
beta[92]   -2.2e-3  4.3e-3   0.05   -0.1-9.0e-3-4.8e-5 8.0e-3    0.1    153   1.02
beta[93]    8.3e-3    0.02   0.22  -0.28  -0.01-1.8e-4 9.6e-3   0.47    198   1.02
beta[94]     -0.01    0.01   0.12  -0.21  -0.01-1.5e-4 9.9e-3   0.16    123   1.03
beta[95]   -9.4e-4  5.7e-3   0.06  -0.13-9.0e-3-1.6e-5 5.5e-3   0.15     96   1.05
beta[96]      0.11    0.13   0.27  -0.09-1.8e-3 5.0e-3   0.03   0.92      4   2.43
beta[97]     -0.01    0.01   0.08  -0.22  -0.02-2.5e-4 4.0e-3   0.09     45   1.02
beta[98]     -0.02    0.02   0.09   -0.3  -0.02-3.9e-4 6.8e-3   0.15     18   1.25
beta[99]     -0.01    0.01   0.06  -0.23-8.2e-3-3.6e-4 2.3e-3   0.05     32   1.16
beta[100]  -1.9e-3    0.08   0.18   -0.4  -0.03-4.3e-4   0.02   0.43      5   1.93
beta[101]    -0.01    0.01   0.07  -0.23  -0.01-6.8e-4 6.6e-3   0.12     33   1.18
beta[102]  -2.7e-3  5.5e-3   0.05  -0.12  -0.01 3.2e-5   0.01   0.09     92   1.04
beta[103]    -0.05    0.03   0.11  -0.38  -0.06-2.6e-3 2.9e-3   0.07     12   1.25
beta[104]     0.13    0.19   0.62  -0.37  -0.03-5.6e-4   0.01   2.48     11   1.46
beta[105]     0.03    0.03   0.12  -0.11-3.7e-3 1.5e-4   0.01   0.44     12   1.63
beta[106]  -8.0e-3    0.02   0.12  -0.34  -0.02 1.2e-4   0.02   0.23     36   1.08
beta[107]     0.04    0.06   0.26  -0.23-9.2e-3-1.5e-5   0.02   1.06     17    1.2
beta[108]     0.04    0.03   0.13  -0.14-6.1e-3 2.9e-3   0.07   0.45     22   1.23
beta[109]  -3.1e-4  3.1e-3   0.05   -0.1-3.0e-3 4.4e-7 3.1e-3   0.08    227   1.02
beta[110]     0.04    0.04   0.22  -0.14-5.5e-3 1.3e-3   0.02   0.77     27   1.12
beta[111]    -0.04    0.05    0.1  -0.34  -0.02-7.7e-4 2.1e-3   0.05      4   1.75
beta[112]  -6.4e-4  4.5e-3   0.04   -0.1-4.3e-3 1.0e-4 7.9e-3   0.09     84   1.04
beta[113]   2.8e-3  6.0e-3   0.09  -0.17  -0.01 4.7e-4   0.02    0.2    232   1.01
beta[114]   3.1e-3  3.5e-3   0.04  -0.06-5.0e-3-9.3e-6 6.5e-3   0.08    128   1.03
beta[115]     0.04    0.03   0.11  -0.11-3.2e-3 1.5e-3   0.03   0.35     17    1.2
beta[116]    -0.04    0.04   0.17  -0.57  -0.03-1.2e-3 7.4e-3   0.18     15   1.23
beta[117]  -6.1e-3    0.01    0.1  -0.19  -0.01 1.7e-4   0.01   0.16     73   1.04
beta[118]   2.9e-3    0.01    0.1  -0.21-7.4e-3-4.7e-5 4.4e-3   0.28     87   1.06
beta[119]   8.9e-3  6.7e-3   0.04  -0.06-4.4e-3 2.6e-4   0.01   0.13     33   1.11
beta[120]     0.07    0.09   0.19  -0.17-4.2e-3 4.5e-3   0.08    0.6      5    1.3
beta[121]    -0.02    0.02   0.09  -0.27  -0.02-7.2e-4 5.2e-3   0.11     26   1.12
beta[122]  -4.4e-3  3.2e-3   0.02  -0.05-8.1e-3-4.1e-4 2.3e-3   0.04     41   1.07
beta[123]  -9.9e-3  4.8e-3    0.1  -0.18-7.4e-3-2.4e-4 2.8e-3   0.12    445   1.01
beta[124]   2.5e-3  3.1e-3   0.03  -0.08-7.3e-3 7.3e-5   0.01   0.09    126   1.01
beta[125]    -0.05    0.04   0.15  -0.67  -0.02-5.0e-4 5.3e-3   0.09     13   1.32
beta[126]  -4.7e-4  6.7e-3   0.05   -0.1  -0.02-9.4e-5   0.01   0.09     48   1.07
beta[127]     0.12    0.09   0.18  -0.06-2.4e-4 6.0e-3   0.22   0.62      4   1.37
beta[128]  -9.1e-5  8.8e-3   0.04  -0.07-9.4e-3-1.8e-4 3.0e-3   0.13     25   1.09
beta[129]    -0.02    0.01   0.09   -0.3  -0.01 9.2e-5 8.5e-3   0.08     45   1.08
beta[130]  -5.1e-3    0.02   0.08  -0.18  -0.02-3.1e-4   0.02   0.16     17   1.13
beta[131]   3.6e-3  5.9e-3   0.06  -0.09-7.9e-3 8.3e-5   0.01   0.07    107   1.03
beta[132]   4.0e-3    0.02   0.11  -0.26-6.1e-3 1.6e-4   0.01   0.26     36   1.11
beta[133]  -5.8e-3  8.5e-3   0.05  -0.11  -0.01-5.0e-4 3.9e-3   0.09     29   1.15
beta[134]    -0.02    0.02   0.09  -0.35  -0.02-1.6e-3 6.4e-3   0.07     23    1.2
beta[135]     0.02    0.03   0.09  -0.07-4.5e-3 2.9e-4   0.01   0.36     12   1.28
beta[136]    -0.01  9.7e-3   0.04  -0.12-9.7e-3-7.2e-4 1.3e-3   0.03     15   1.43
beta[137]  -5.4e-3  3.6e-3   0.04   -0.1-7.3e-3-4.7e-4 3.6e-3   0.05    107   1.02
beta[138]   5.4e-3    0.01   0.08  -0.16  -0.01-5.2e-6   0.02   0.18     33   1.07
beta[139]     0.01    0.04   0.16  -0.24-9.5e-3 2.6e-4   0.02   0.26     14   1.24
beta[140]     0.01    0.01   0.07  -0.09-5.5e-3 5.1e-4   0.01   0.22     26   1.14
beta[141]    -0.01  9.8e-3   0.07  -0.23-8.4e-3-3.4e-4 3.3e-3   0.09     56   1.09
beta[142]   2.7e-3  6.3e-3   0.04  -0.08-6.3e-3 4.9e-5 8.7e-3   0.09     41   1.09
beta[143]    -0.05    0.06   0.35  -0.65  -0.02-7.3e-5 9.7e-3   0.14     36   1.09
beta[144]    -0.03    0.03   0.07   -0.2  -0.02-1.1e-3 1.5e-3   0.06      4   1.31
beta[145]  -7.3e-3  6.7e-3   0.07  -0.19-5.1e-3 2.1e-6 3.4e-3   0.06    122   1.03
beta[146]    -0.03    0.02   0.27  -0.29-6.6e-3-1.1e-5 3.8e-3   0.09    140   1.05
beta[147]    -0.04    0.09   0.46  -0.55-6.2e-3 3.3e-4   0.02   0.36     24    1.1
beta[148]     0.01    0.01   0.09  -0.16  -0.02 1.4e-4   0.03   0.27     48   1.08
beta[149]  -8.2e-3    0.02   0.09  -0.31-6.8e-3 2.9e-4 8.2e-3   0.14     25   1.19
beta[150]    -0.03    0.04    0.2  -0.84-4.0e-3 5.2e-5 5.2e-3    0.2     24   1.23
beta[151]     0.13     0.2   0.35   -0.1-9.7e-3 1.8e-4   0.01   1.19      3   1.53
beta[152]     0.03    0.07    0.2  -0.39-8.4e-3 4.8e-4   0.02   0.64      9   1.89
beta[153]  -6.2e-4  6.5e-3   0.06  -0.13-7.8e-3-7.3e-5 7.4e-3   0.15     74   1.05
beta[154]    -0.01    0.02   0.17  -0.46  -0.01-6.3e-4 4.2e-3   0.24    108   1.01
beta[155]    -0.02    0.02   0.06  -0.15  -0.06-1.5e-3 3.5e-3   0.06      7   1.61
beta[156]   1.9e-3    0.01   0.08  -0.18-8.9e-3-2.5e-4 5.0e-3   0.22     36   1.12
beta[157]   1.1e-3  7.3e-3   0.06  -0.15  -0.01 2.5e-4   0.01   0.14     66   1.05
beta[158]    -0.05    0.05   0.14  -0.47  -0.04-4.2e-3 3.6e-3   0.16      8   1.59
beta[159]     0.04    0.06   0.13  -0.11  -0.01 8.7e-4   0.03   0.44      5    1.7
beta[160]    -0.02    0.04    0.1  -0.35  -0.01-3.6e-4 4.2e-3   0.18      6   1.39
beta[161]   1.8e-3  3.9e-3   0.06  -0.08-7.2e-3-7.9e-5 6.2e-3   0.08    260   1.01
beta[162]  -9.8e-3  7.8e-3   0.06  -0.19  -0.02-2.6e-4 5.2e-3   0.08     60   1.03
beta[163]  -4.0e-3  8.6e-3   0.07  -0.18-6.3e-3 2.1e-4 6.7e-3   0.12     71   1.01
beta[164]    -0.12    0.13   0.35  -0.99   -0.1-2.4e-3 5.5e-3   0.47      7   1.95
beta[165]     0.03    0.05   0.27  -0.17  -0.05-2.5e-3 8.4e-3   0.86     36   1.08
beta[166]    -0.03    0.03   0.12   -0.5  -0.01-7.1e-4 7.0e-3   0.05     23   1.22
beta[167]    -0.03    0.03   0.13  -0.45  -0.01 4.0e-5 5.1e-3   0.08     25   1.22
beta[168]   6.8e-3  8.3e-3   0.07  -0.11-7.5e-3 1.5e-5 9.2e-3    0.2     72   1.03
beta[169]    -0.23    0.22   0.84  -3.24  -0.07-4.7e-3 5.8e-3    0.2     15    1.3
beta[170]    -0.01  7.1e-3   0.06   -0.2  -0.02-6.9e-4 5.1e-3   0.09     65   1.04
beta[171]    -0.02    0.01   0.11   -0.2  -0.01-4.7e-4 5.7e-3   0.12    105   1.02
beta[172]  -2.2e-3  9.7e-3   0.09  -0.21-8.9e-3-2.9e-4 3.9e-3   0.23     79    1.0
beta[173]    -0.02    0.01   0.13  -0.35-9.7e-3-1.8e-4 4.3e-3   0.08    132   1.02
beta[174]   2.1e-3  2.9e-3   0.02  -0.04-3.8e-3 2.2e-6 3.9e-3   0.08     65   1.07
beta[175]    -0.02    0.03   0.19  -0.64  -0.01-2.6e-4 6.4e-3   0.29     45   1.01
beta[176]    -0.02    0.01    0.1  -0.24  -0.02-6.3e-4 3.7e-3   0.13     60   1.08
beta[177]   8.3e-3  6.7e-3   0.05  -0.08-6.2e-3 3.6e-4   0.01   0.13     48   1.07
beta[178]    -0.04    0.03   0.11  -0.41  -0.03-5.1e-3 6.9e-3   0.08     14   1.36
beta[179]   5.5e-3  8.0e-3   0.07  -0.04-4.9e-3-4.6e-5 3.5e-3   0.07     76   1.04
beta[180]  -4.8e-3    0.05   0.23  -0.84-4.0e-3 1.9e-4 9.6e-3   0.55     24   1.05
beta[181]     0.06    0.09   0.19   -0.2-7.6e-3 2.5e-3   0.07   0.63      4   1.35
beta[182]    -0.01    0.01   0.07  -0.29-7.8e-3-4.1e-5 6.0e-3   0.08     29    1.1
beta[183]     0.01    0.05   0.16  -0.24  -0.03-6.7e-5   0.03   0.43     12   1.21
beta[184]  -3.8e-3  4.6e-3   0.04  -0.11  -0.01-4.6e-5 6.7e-3   0.09     87   1.05
beta[185]     0.02    0.02   0.16  -0.09-3.9e-3 3.8e-4 6.5e-3   0.54     76   1.12
beta[186]   3.1e-3  3.9e-3   0.02  -0.05-2.8e-3 1.3e-4 8.3e-3   0.07     38   1.11
beta[187]    -0.12    0.07   0.26  -1.05  -0.07-5.1e-3 6.9e-4   0.05     13   1.44
beta[188]     0.02    0.02   0.09  -0.09-3.7e-3 1.8e-4   0.01   0.33     28   1.12
beta[189]  -6.4e-3  5.7e-3   0.07   -0.1-6.6e-3-1.9e-4 5.0e-3   0.05    161   1.03
beta[190]    -0.21    0.29    0.4  -1.11  -0.23-2.3e-3 6.4e-3   0.14      2   4.35
beta[191]   1.2e-3  1.7e-3   0.04  -0.07-5.7e-3 1.5e-4 7.0e-3   0.08    420    1.0
beta[192]     0.01    0.01   0.07  -0.12-7.9e-3 2.4e-4   0.01   0.24     25   1.14
beta[193]    -0.01  9.7e-3   0.07  -0.22  -0.01-1.8e-4 5.5e-3   0.08     48    1.1
beta[194]    -0.03    0.02   0.09  -0.27  -0.03-1.5e-3 3.8e-3   0.09     17   1.16
beta[195]   3.5e-3  4.0e-3   0.04  -0.05-7.1e-3-3.2e-5 4.4e-3   0.12     83   1.03
beta[196]   5.3e-3    0.01   0.07  -0.13-7.7e-3 4.0e-5 9.9e-3   0.15     25   1.19
beta[197]  -4.8e-4  2.8e-3   0.04  -0.08-7.3e-3-2.7e-4 6.1e-3    0.1    219   1.01
beta[198]     0.07    0.04   0.18  -0.07-7.0e-3 2.2e-3   0.04   0.66     19   1.15
beta[199]   4.9e-4  5.7e-3   0.05  -0.13-7.4e-3 1.7e-4   0.01    0.1     73    1.1
beta[200]    -0.01    0.02   0.12  -0.41  -0.01 8.9e-4   0.02   0.11     43   1.11
beta[201]    -0.02    0.24   0.82  -2.99  -0.01 2.5e-5   0.02   1.65     12   1.58
beta[202]     0.06    0.09   0.28  -0.15  -0.02-2.2e-4 9.0e-3   1.29     11   1.42
beta[203]    -0.03    0.02    0.1  -0.32  -0.03-2.4e-3 7.0e-3   0.09     32   1.13
beta[204]  -9.8e-3  7.0e-3   0.05  -0.11  -0.01-3.8e-4 2.0e-3   0.08     54   1.08
beta[205]     0.04    0.02   0.18  -0.23-7.7e-3 1.8e-3   0.04   0.32     83   1.04
beta[206]   3.7e-3  3.9e-3   0.05  -0.07-3.5e-3 2.2e-6 3.9e-3   0.11    152   1.01
beta[207]  -3.1e-3    0.01   0.09  -0.22-6.0e-3-1.9e-5 4.3e-3   0.22     70   1.05
beta[208]    -0.02    0.02   0.07  -0.24  -0.01-1.3e-4 2.0e-3   0.06     13   1.34
beta[209]   7.9e-3    0.01   0.06  -0.14-6.2e-3 1.3e-3   0.03   0.14     22   1.18
beta[210]   6.3e-3  4.4e-3   0.05  -0.09-8.5e-3 1.6e-4   0.01   0.13    123   1.04
beta[211]     0.01    0.01   0.08  -0.12-9.0e-3 4.0e-4   0.02   0.24     33   1.13
beta[212]    -0.05    0.07   0.13  -0.37  -0.04-1.0e-3 3.4e-3   0.05      3   1.61
beta[213]    -0.05    0.08   0.11  -0.34  -0.03-1.8e-3 4.2e-3   0.05      2    1.9
beta[214]    -0.05    0.11    0.2  -0.52  -0.08-4.8e-3   0.02   0.33      3   1.91
beta[215]     0.03    0.02   0.11  -0.12-6.9e-3 1.3e-4   0.03   0.34     19   1.16
beta[216]     0.01    0.03   0.08  -0.12  -0.01 1.9e-4   0.02   0.28      6   1.69
beta[217]   6.2e-3  8.9e-3   0.05   -0.1-5.1e-3 2.0e-4   0.01   0.15     30   1.13
beta[218]   6.5e-3  9.6e-3   0.05  -0.07-4.9e-3 2.1e-4 7.1e-3   0.15     24   1.12
beta[219]    -0.03    0.02   0.15  -0.49  -0.02-7.1e-4 4.7e-3   0.25     62   1.05
beta[220]    -0.02    0.01    0.1   -0.3  -0.01-9.2e-5 3.8e-3    0.1     78   1.07
beta[221]     0.15    0.18   0.31  -0.13-5.1e-3 2.0e-3   0.11   0.89      3   2.53
beta[222]   8.6e-3  6.4e-3    0.1  -0.09-5.4e-3 1.3e-4 9.2e-3   0.14    271   1.01
beta[223]  -5.9e-3  4.6e-3   0.03  -0.09-5.8e-3-1.5e-4 3.0e-3   0.05     52   1.03
beta[224]   4.1e-3    0.02   0.09  -0.21  -0.01 1.2e-4   0.01   0.23     37   1.03
beta[225]    -0.01    0.03   0.12  -0.44  -0.02-7.7e-5   0.02   0.17     21   1.21
beta[226]   2.0e-3  6.1e-3   0.04  -0.09-9.4e-3 6.5e-6 9.5e-3   0.12     55   1.01
beta[227]     0.05    0.06   0.12  -0.07-5.5e-3 2.3e-3   0.05   0.35      4   1.45
beta[228]     -0.1    0.11   0.37  -1.43  -0.03-5.7e-4 6.2e-3   0.11     11    1.3
beta[229]    -0.12     0.1   0.35  -1.34  -0.07-2.9e-3   0.01   0.29     12   1.22
beta[230]    -0.09    0.11   0.48  -1.86  -0.01-4.3e-4 3.7e-3   0.27     20    1.2
beta[231]   7.6e-3  9.4e-3   0.06  -0.09  -0.01-1.7e-4   0.01   0.18     46    1.1
beta[232]     0.01    0.02   0.11  -0.12  -0.01-1.2e-5 7.8e-3   0.44     26    1.1
beta[233]   8.9e-3  8.3e-3   0.07  -0.12-7.3e-3 3.6e-4   0.01   0.16     75   1.03
beta[234]     0.02    0.03   0.06  -0.05-5.7e-3 1.6e-3   0.02   0.21      4   1.47
beta[235]    -0.02    0.02   0.09  -0.35  -0.02-4.6e-4 7.2e-3   0.07     21   1.22
beta[236]     0.01  7.6e-3   0.07  -0.11  -0.01 1.6e-3   0.02   0.18     79   1.03
beta[237]     0.03    0.02   0.07  -0.03-8.9e-4 3.6e-4   0.02   0.25     11   1.59
beta[238]     0.01    0.02   0.07  -0.11-6.2e-3 1.1e-3   0.02   0.21     10   1.42
beta[239]   2.7e-3    0.01   0.07  -0.12  -0.02-8.1e-5   0.01   0.24     24   1.08
beta[240]    -0.04    0.04   0.22  -0.62  -0.06-1.5e-3   0.02   0.43     36   1.07
beta[241]    -0.01    0.01   0.05  -0.16  -0.01-1.1e-4 8.8e-3   0.07     26   1.17
beta[242]   2.3e-3  3.7e-3   0.03  -0.04-7.4e-3-3.6e-5 6.1e-3   0.08     47   1.08
beta[243]  -6.4e-3  5.8e-3   0.04  -0.13  -0.01-1.9e-4 6.8e-3   0.06     46   1.07
beta[244]   4.6e-3  8.8e-3   0.08  -0.15  -0.02-2.2e-4   0.02   0.19     83   1.05
beta[245]   2.6e-3  7.5e-3   0.05  -0.12-6.5e-3 6.6e-5   0.01   0.13     43   1.07
beta[246]      0.3    0.32   0.46  -0.16-1.8e-3 9.6e-3   0.83   1.26      2   3.21
beta[247]     0.02    0.02   0.06  -0.11-2.5e-3 7.3e-4   0.03   0.19     18   1.23
beta[248]     0.05    0.04   0.13  -0.06-4.0e-3 1.4e-3   0.05   0.29     11   1.24
beta[249]  -8.9e-3    0.02    0.1  -0.33-6.0e-3 8.3e-5 5.7e-3    0.2     42   1.08
beta[250]    -0.01    0.02   0.07  -0.22  -0.02-1.1e-3 6.0e-3   0.12     20   1.22
beta[251]     0.12     0.1   0.36  -0.09-2.1e-3 9.3e-4   0.02   1.23     12   1.28
beta[252]     0.02    0.02   0.09   -0.1-4.0e-3 1.4e-4 5.3e-3   0.36     16   1.43
beta[253]  -2.2e-3  5.7e-3    0.1  -0.16  -0.01-3.3e-4 7.5e-3   0.11    312   1.01
beta[254]  -9.3e-3  5.9e-3   0.05  -0.13  -0.02-9.5e-4 1.9e-3   0.08     79   1.05
beta[255]     0.02    0.03    0.1  -0.14-5.1e-3 2.9e-4 8.7e-3    0.4     11   1.68
beta[256]   2.2e-3  4.6e-3   0.05  -0.11-4.6e-3 6.2e-4 9.7e-3   0.14    127   1.05
beta[257]    -0.04    0.05   0.09  -0.26  -0.05-2.0e-3 1.6e-3   0.07      4   1.33
beta[258]   1.8e-3  2.2e-3   0.03  -0.07-2.9e-3 1.7e-4 9.1e-3   0.07    189   1.02
beta[259]    -0.02    0.01   0.07  -0.21  -0.02-9.8e-4 6.2e-3   0.07     34   1.11
beta[260]    -0.01    0.02   0.24  -0.49  -0.02 7.0e-7   0.02   0.32    109   1.01
beta[261]   8.7e-4  5.9e-3   0.06  -0.16-5.7e-3 1.1e-410.0e-3    0.1     91   1.03
beta[262]    -0.01    0.01   0.06  -0.17  -0.01-3.6e-5 7.6e-3   0.08     25   1.11
beta[263]   4.5e-3    0.02   0.11  -0.16-6.2e-3 5.7e-5 6.1e-3   0.31     23   1.12
beta[264]  -6.4e-3    0.01   0.11  -0.35  -0.01 4.4e-5 9.7e-3   0.15     84   1.04
beta[265]    -0.01    0.04   0.25  -0.55-7.3e-3 2.3e-4   0.03    0.4     43   1.13
beta[266]    -0.22    0.31   0.54  -1.56  -0.18-2.8e-3 4.9e-3   0.52      3   1.81
beta[267]   1.8e-3  4.6e-3   0.04  -0.08-6.9e-3 1.5e-4 8.8e-3   0.09     77   1.04
beta[268]     0.06    0.04   0.22  -0.17-8.3e-3 5.3e-4   0.02   0.55     30   1.09
beta[269]  -1.6e-3  8.3e-3   0.06  -0.12-9.9e-3-2.5e-4 7.3e-3   0.15     47   1.07
beta[270]   6.4e-3    0.01   0.06  -0.11  -0.02-7.1e-5   0.01   0.19     21   1.14
beta[271]   4.8e-3  3.0e-3   0.05  -0.07-5.3e-3 2.8e-4 8.4e-3    0.1    333   1.02
beta[272]     0.02  8.9e-3   0.06  -0.09-5.2e-3 1.5e-3   0.03   0.14     39   1.09
beta[273]   8.2e-3  9.3e-3   0.07  -0.11-5.7e-3 4.3e-4   0.01   0.16     51   1.05
beta[274]    -0.09    0.12    0.3   -0.8  -0.12-1.6e-3 8.3e-3   0.42      6   1.69
beta[275]   8.2e-3    0.01   0.05  -0.07-7.2e-3 3.1e-5 7.2e-3   0.16     18   1.23
beta[276]  -2.4e-3  4.3e-3   0.04   -0.1-8.7e-3-3.3e-4 6.1e-3   0.08     79   1.07
beta[277]   6.0e-3  4.6e-3   0.04  -0.06-2.4e-3 1.7e-4 5.3e-3   0.13     69   1.11
beta[278]     0.61    0.74   1.29  -0.06-1.6e-3 6.1e-3   0.12   4.27      3   2.24
beta[279]   1.7e-3  3.1e-3   0.03  -0.07-2.7e-3 8.2e-5 6.6e-3   0.08    106   1.04
beta[280]    -0.11    0.09   0.33  -1.28  -0.05-2.4e-3 5.4e-3   0.16     14   1.22
beta[281]     0.16    0.12   0.42  -0.06-3.1e-3 1.6e-3   0.04   1.71     13    1.4
beta[282]     0.04    0.02   0.11  -0.08-4.4e-3 3.6e-3   0.04   0.41     38    1.1
beta[283]  -7.6e-3  9.5e-3   0.04  -0.14-4.1e-3 1.1e-6 5.5e-3   0.05     21   1.17
beta[284]     0.02    0.01   0.12  -0.12-5.4e-3 9.5e-4   0.03   0.17    103   1.02
beta[285]     0.02    0.15   0.33  -0.58  -0.04-2.4e-4   0.02   0.88      5   1.29
beta[286]    -0.01    0.03   0.09  -0.32  -0.01 1.2e-4   0.02   0.13     12   1.37
beta[287]   8.2e-4  3.2e-3   0.03  -0.07-4.1e-3 9.6e-6 5.4e-3   0.06     80   1.05
beta[288]    -0.05    0.05   0.32  -1.02  -0.02-8.2e-4 4.7e-3   0.12     43   1.06
beta[289]     0.01    0.02   0.11  -0.15-6.6e-3-3.3e-4 4.1e-3   0.41     33   1.15
beta[290]     0.02    0.03   0.13  -0.19-7.9e-3 1.1e-3   0.02   0.46     20   1.22
beta[291]     0.02    0.02   0.11  -0.14-5.7e-3 2.0e-4   0.01   0.32     40   1.05
beta[292]  -6.6e-3  7.6e-3   0.06  -0.11-5.0e-3-1.6e-4 4.7e-3   0.06     55   1.08
beta[293]   2.2e-4    0.01   0.07  -0.13-9.7e-3-9.1e-5 6.2e-3   0.17     22   1.11
beta[294]     0.01  7.4e-3   0.04  -0.03-6.3e-4 3.8e-4   0.01   0.14     37   1.08
beta[295]     0.02    0.01   0.09  -0.11-8.8e-3 4.7e-5   0.01   0.28     43   1.08
beta[296]   5.7e-3  5.2e-3   0.05  -0.08-4.4e-3 1.2e-5 6.9e-3   0.14     82   1.04
beta[297]    -0.02    0.03   0.15  -0.37  -0.02 2.9e-4   0.02   0.28     30   1.12
beta[298]   7.3e-3  7.6e-3   0.06  -0.11-9.4e-3 5.0e-4   0.02   0.12     70   1.03
beta[299]     0.01    0.02   0.06  -0.08-2.3e-3 1.9e-4 7.5e-3   0.25     18   1.32
lambda[0]     0.19    0.18   1.03 3.9e-4 2.6e-3   0.01   0.05   1.33     32    1.1
lambda[1]    13.71    3.81  13.73   2.33   5.43   9.39  16.32  53.67     13    1.1
lambda[2]    15.28    3.15  22.27   1.98   4.71   8.97  16.91  82.48     50   1.09
lambda[3]    15.55    3.64  21.25   3.35   6.88  10.04  16.68  59.79     34   1.07
lambda[4]     13.2    1.65  14.63   2.65   6.32  10.71  15.09  36.62     79   1.01
lambda[5]    20.14    9.61  23.54   2.93   7.43  11.34  20.91  96.68      6   1.27
lambda[6]     0.05    0.02   0.19 3.3e-4 3.5e-3   0.01   0.03   0.37    129   1.04
lambda[7]     0.08    0.02   0.15 1.8e-4 6.6e-3   0.03    0.1   0.49     39    1.2
lambda[8]     0.09    0.03   0.22 6.8e-4 8.1e-3   0.03   0.08   0.53     47   1.06
lambda[9]     0.06    0.02   0.19 9.9e-4 6.3e-3   0.02   0.06   0.38    101   1.03
lambda[10]    0.05    0.02   0.09 3.1e-4 5.5e-3   0.02   0.06   0.28     37   1.12
lambda[11]    0.11    0.06   0.65 5.9e-4 6.5e-3   0.02   0.06   0.58    137   1.03
lambda[12]    0.05    0.03   0.09 4.2e-4 6.6e-3   0.02   0.06   0.31     10   1.29
lambda[13]    0.04    0.01   0.08 3.0e-4 4.7e-3   0.01   0.04   0.28     35   1.13
lambda[14]    0.28    0.32   0.97 1.3e-4 3.6e-3   0.02   0.11   2.34      9   1.12
lambda[15]     0.4    0.28   0.73 9.5e-4 9.2e-3   0.04    0.4   2.57      7   1.49
lambda[16]    0.04    0.02   0.09 3.0e-4 5.0e-3   0.02   0.04   0.22     26    1.1
lambda[17]    0.23    0.12   0.77 3.8e-4 6.1e-3   0.04   0.17   1.59     41   1.12
lambda[18]    0.08    0.04   0.15 1.1e-3 7.3e-3   0.03   0.08   0.52     12   1.22
lambda[19]    0.05    0.02   0.08 4.9e-4 6.6e-3   0.02   0.05   0.27     28   1.09
lambda[20]    0.05    0.02   0.12 5.3e-5 4.3e-3   0.02   0.06   0.28     40   1.07
lambda[21]    0.22    0.11   1.08 2.8e-4 4.7e-3   0.03   0.12   1.41     91   1.04
lambda[22]    0.24    0.17   1.03 4.7e-4 6.1e-3   0.02   0.08   1.86     36   1.09
lambda[23]    0.05    0.02   0.17 1.1e-4 2.1e-3 9.9e-3   0.03    0.4     50   1.06
lambda[24]    0.05    0.01   0.09 2.2e-4 4.6e-3   0.01   0.05   0.25     60   1.03
lambda[25]    0.19     0.2   0.52 3.8e-4 4.8e-3   0.02   0.08   2.07      7   1.51
lambda[26]    0.06    0.04   0.15 8.9e-5 2.5e-3   0.01   0.05   0.47     19   1.28
lambda[27]    0.08    0.03   0.14 3.0e-4 5.1e-3   0.03    0.1   0.48     25   1.09
lambda[28]    1.06    1.03   5.74 1.3e-4 6.0e-3   0.03   0.24   5.72     31   1.12
lambda[29]    0.24    0.14   1.22 5.1e-4 6.0e-3   0.03   0.12   1.29     77   1.04
lambda[30]    0.07    0.02   0.11 1.2e-3 7.9e-3   0.03   0.09    0.4     26   1.17
lambda[31]    0.09    0.06   0.33 4.6e-4 5.7e-3   0.02   0.06    0.7     34   1.08
lambda[32]     0.1    0.05   0.26 8.1e-4 6.0e-3   0.01   0.06   0.85     22   1.17
lambda[33]    0.03  8.9e-3   0.06 2.2e-4 2.5e-3 9.1e-3   0.03   0.18     50   1.06
lambda[34]    0.12    0.05   0.43 3.2e-4 7.1e-3   0.02   0.08   0.78     67   1.06
lambda[35]    0.06    0.06    0.2 2.7e-5 9.2e-4 9.7e-3   0.04   0.54     12    1.1
lambda[36]    0.09    0.06   0.26 1.0e-4 1.3e-3 5.5e-3   0.03   0.78     21   1.18
lambda[37]    0.05    0.01   0.09 1.4e-4 3.1e-3   0.01   0.05   0.33     42   1.04
lambda[38]    0.03    0.02   0.08 5.9e-5 8.9e-4 3.8e-3   0.02   0.25     28   1.09
lambda[39]     0.1    0.06   0.76 1.7e-4 2.7e-3   0.01   0.05   0.34    182   1.02
lambda[40]    0.03  7.4e-3   0.05 2.2e-4 3.4e-3   0.02   0.04   0.15     46   1.06
lambda[41]    0.04    0.01   0.08 3.6e-4 4.2e-3   0.01   0.05   0.23     54   1.04
lambda[42]    0.16    0.16   0.32 2.2e-4 5.2e-3   0.02   0.23   1.02      4   1.33
lambda[43]    0.16    0.07   0.39 1.4e-4 5.2e-3   0.03   0.14   1.25     27   1.12
lambda[44]    0.03  8.0e-3   0.05 1.7e-4 3.2e-3   0.01   0.04   0.16     42   1.08
lambda[45]    0.04    0.01   0.07 2.7e-4 7.5e-3   0.02   0.05   0.26     43   1.08
lambda[46]    0.04  9.0e-3   0.07 5.4e-4 7.1e-3   0.02   0.05   0.23     63   1.03
lambda[47]     0.1    0.03   0.17 4.1e-4   0.01   0.04   0.12   0.58     40   1.13
lambda[48]    0.06    0.01   0.11 1.5e-3 9.9e-3   0.02   0.05   0.37     77   1.04
lambda[49]    0.07    0.03   0.14 5.8e-4 5.1e-3   0.02   0.08   0.45     25   1.11
lambda[50]     0.1    0.06   0.19 6.2e-4 7.0e-3   0.03   0.11   0.67     10   1.16
lambda[51]    0.12    0.05   0.45 9.4e-4   0.01   0.03   0.09   0.63     73   1.05
lambda[52]    0.21    0.11   0.57 3.4e-4 6.7e-3   0.04   0.16   1.88     27   1.12
lambda[53]    0.17    0.06   0.33 4.1e-4 7.9e-3   0.04   0.17   1.13     27   1.13
lambda[54]    0.04  7.7e-3   0.07 1.8e-4 4.5e-3   0.02   0.04   0.17     74   1.05
lambda[55]    0.07    0.03   0.13 3.0e-4 2.8e-3   0.02   0.09   0.49     22   1.09
lambda[56]    0.04  9.2e-3   0.06 6.8e-4 6.3e-3   0.02   0.06   0.22     43   1.05
lambda[57]    0.33    0.33   0.93 2.1e-4 3.1e-3   0.01   0.15   3.47      8   1.43
lambda[58]    0.09    0.03   0.13 6.5e-4 6.4e-3   0.04   0.13   0.51     19   1.21
lambda[59]    0.06    0.02    0.1 3.3e-4 4.7e-3   0.03   0.07   0.34     39   1.11
lambda[60]    0.03    0.01   0.07 1.4e-4 3.8e-3   0.01   0.03   0.21     39   1.07
lambda[61]    0.07    0.01   0.12 8.6e-4   0.01   0.03   0.07   0.41     98   1.04
lambda[62]    0.04    0.02   0.08 5.9e-4 5.3e-3   0.01   0.03   0.29     23   1.17
lambda[63]    0.15    0.07   0.54 2.4e-4 4.8e-3   0.02   0.07    1.1     62   1.06
lambda[64]    0.07    0.03   0.17 4.6e-4 4.3e-3   0.02   0.06   0.55     39   1.13
lambda[65]    0.06    0.02   0.13 5.8e-4 6.4e-3   0.02   0.06   0.34     47   1.07
lambda[66]    0.04    0.02   0.08 4.7e-4 3.1e-3   0.01   0.05   0.23     20   1.27
lambda[67]    0.08    0.05   0.14 5.2e-4   0.01   0.04    0.1   0.34      9   1.14
lambda[68]    0.08    0.04   0.58 2.3e-4 5.5e-3   0.02   0.06    0.3    253   1.01
lambda[69]     0.1    0.07   0.31 1.8e-4 2.6e-3   0.01   0.06   0.71     18   1.24
lambda[70]    0.08    0.04   0.19 1.5e-4 4.1e-3   0.02   0.06    0.6     18   1.22
lambda[71]    0.18    0.09   0.43 6.7e-4 7.2e-3   0.04   0.16   1.09     23    1.2
lambda[72]    0.13    0.06   0.39 1.8e-4 5.4e-3   0.02    0.1   0.93     37   1.09
lambda[73]    0.07    0.04    0.2 1.1e-4 2.9e-3   0.01   0.05   0.58     25   1.17
lambda[74]    0.07    0.01   0.16 5.2e-4 8.5e-3   0.02   0.07   0.36    147   1.02
lambda[75]    0.04  9.1e-3   0.07 4.5e-4 5.9e-3   0.02   0.05   0.19     64   1.07
lambda[76]    0.06    0.03   0.19 1.6e-4 4.2e-3   0.01   0.05   0.54     38   1.06
lambda[77]    0.12    0.04    0.5 2.3e-4 6.6e-3   0.02   0.08   0.67    152   1.02
lambda[78]    0.12     0.1   1.09 5.9e-4 6.3e-3   0.02   0.05   0.47    118   1.02
lambda[79]    0.02  4.0e-3   0.03 1.6e-4 1.7e-3 6.4e-3   0.02    0.1     69   1.05
lambda[80]    0.09    0.04   0.22 1.3e-3 7.3e-3   0.02   0.05   0.73     37   1.09
lambda[81]    0.09    0.06   0.31 8.0e-5 5.6e-3   0.02   0.05   0.76     31   1.11
lambda[82]    0.04    0.01   0.09 7.1e-4 3.9e-3   0.01   0.04    0.3     43   1.12
lambda[83]    0.05    0.02   0.12 2.3e-4 3.6e-3   0.01   0.05   0.38     46   1.05
lambda[84]    0.08    0.05   0.27 1.5e-4 3.7e-3   0.01   0.04   0.67     27   1.17
lambda[85]     0.1    0.06   0.23 5.4e-4 4.9e-3   0.02    0.1   0.62     14   1.35
lambda[86]    0.03    0.02   0.06 1.0e-4 2.2e-3   0.01   0.03    0.2      8   1.16
lambda[87]    0.06    0.02   0.21 2.4e-4 6.3e-3   0.02   0.05   0.31    100   1.04
lambda[88]    0.15     0.1   0.57 3.4e-4 4.3e-3   0.02   0.06   1.71     30   1.19
lambda[89]    0.09    0.04   0.18 8.2e-4 6.5e-3   0.02   0.07   0.63     25    1.2
lambda[90]    0.23    0.14    0.5 4.9e-4 6.8e-3   0.05   0.28   1.35     13   1.17
lambda[91]    0.11    0.04   0.46 2.0e-4 5.2e-3   0.02   0.07   0.71    150   1.02
lambda[92]    0.05    0.01   0.11 9.7e-4 5.7e-3   0.02   0.05   0.21     67   1.04
lambda[93]    0.11    0.07   0.31 1.6e-4 6.1e-3   0.02   0.08   1.09     17   1.21
lambda[94]    0.07    0.01   0.17 4.6e-4 6.3e-3   0.02   0.07    0.4    151   1.04
lambda[95]    0.04    0.01    0.1 2.2e-4 4.1e-3   0.01   0.05   0.29     79   1.08
lambda[96]    0.18    0.17   0.41 6.3e-4 5.5e-3   0.02   0.12   1.47      6   1.79
lambda[97]    0.06    0.03   0.16 1.7e-4 2.9e-3   0.02   0.05   0.41     32   1.11
lambda[98]     0.1    0.07   0.32 3.0e-4 5.2e-3   0.02   0.09   0.55     19    1.1
lambda[99]    0.03    0.02   0.12 2.0e-4 2.5e-3 7.8e-3   0.03   0.24     45   1.09
lambda[100]   0.17    0.07   0.35 2.4e-4   0.01   0.04   0.19   1.18     27   1.21
lambda[101]   0.05    0.02    0.1 7.4e-4 5.1e-3   0.01   0.05   0.29     39   1.14
lambda[102]   0.04  7.0e-3   0.07 6.2e-4 7.0e-3   0.02   0.06   0.18     91   1.04
lambda[103]   0.17    0.08   0.42 3.0e-5 6.7e-3   0.04   0.15   1.07     31    1.1
lambda[104]   0.43    0.39   1.46 2.9e-4 5.2e-3   0.04   0.13   4.67     14   1.31
lambda[105]   0.07    0.05   0.15 5.5e-5 1.8e-3   0.01   0.05   0.57     11   1.58
lambda[106]    0.1    0.03   0.38 5.2e-4 7.1e-3   0.03   0.08   0.69    173   1.01
lambda[107]   0.14    0.08   0.42 3.8e-4 5.2e-3   0.02   0.08   1.33     25   1.13
lambda[108]   0.13    0.04   0.27 5.2e-4 9.4e-3   0.04   0.13   0.78     40   1.08
lambda[109]   0.02  8.5e-3   0.05 1.1e-4 1.0e-3 5.8e-3   0.02   0.19     37   1.11
lambda[110]   0.11    0.07   0.53 5.6e-4 6.4e-3   0.02   0.06   0.79     55   1.05
lambda[111]   0.09    0.09    0.3 1.0e-4 2.2e-3   0.01   0.05   0.58     11   1.13
lambda[112]   0.05    0.02   0.15 2.4e-4 3.7e-3   0.01   0.04   0.38     47   1.08
lambda[113]   0.07    0.02   0.24 4.7e-4 8.7e-3   0.03   0.06   0.37    194   1.02
lambda[114]   0.04    0.01   0.15 6.7e-4 3.5e-3   0.01   0.03   0.21    142   1.03
lambda[115]   0.09    0.04   0.18 2.2e-4 4.9e-3   0.02   0.09   0.52     23   1.14
lambda[116]   0.14    0.06   0.34 4.6e-4 5.6e-3   0.02   0.09   0.98     36   1.07
lambda[117]   0.06    0.03   0.17 3.6e-4 6.3e-3   0.02   0.05   0.43     30   1.12
lambda[118]   0.09    0.06   0.27 7.9e-5 2.3e-3   0.01   0.05   0.63     24   1.15
lambda[119]   0.04    0.01   0.07 1.1e-4 3.6e-3   0.02   0.04    0.2     55   1.06
lambda[120]   0.16    0.12   0.35 9.1e-4 8.3e-3   0.03   0.15   1.17      8   1.25
lambda[121]   0.09    0.03    0.2 4.8e-4 6.4e-3   0.02   0.07    0.6     53   1.05
lambda[122]   0.02  4.2e-3   0.05 1.9e-4 2.8e-3 7.4e-3   0.02   0.15    118   1.03
lambda[123]   0.05    0.03   0.16 1.8e-4 2.1e-3 6.1e-3   0.02   0.36     34   1.07
lambda[124]   0.04  7.6e-3   0.06 5.7e-5 6.0e-3   0.02   0.05   0.19     63   1.07
lambda[125]   0.11    0.08   0.41 3.1e-4 4.3e-3   0.02   0.05   1.04     25   1.13
lambda[126]   0.06    0.02   0.09 5.0e-4 6.7e-3   0.03   0.07    0.3     25   1.07
lambda[127]   0.18    0.14   0.38 7.1e-5 3.1e-3   0.05   0.21   0.96      7    1.2
lambda[128]   0.04    0.01   0.11 2.4e-4 1.7e-3   0.01   0.04   0.28     70   1.04
lambda[129]   0.06    0.02   0.11 6.9e-4 6.1e-3   0.02   0.06   0.38     27   1.14
lambda[130]   0.09    0.03   0.26 8.7e-4 8.4e-3   0.04   0.09   0.46     94   1.05
lambda[131]   0.04    0.01   0.18 2.7e-4 5.5e-3   0.02   0.03   0.22    153   1.02
lambda[132]   0.08    0.03   0.21 2.7e-4 3.7e-3   0.02   0.06   0.57     45   1.08
lambda[133]   0.04  9.2e-3   0.08 7.3e-4 3.5e-3   0.01   0.05   0.26     67   1.09
lambda[134]   0.08    0.03   0.21 1.6e-4 8.9e-3   0.03   0.07   0.56     55   1.08
lambda[135]   0.06    0.04   0.14 3.0e-4 3.3e-3   0.01   0.05   0.41     16   1.22
lambda[136]   0.04    0.01   0.08 2.4e-4 2.0e-3 7.2e-3   0.03   0.26     29   1.17
lambda[137]   0.03  6.7e-3   0.07 2.0e-4 3.8e-3   0.01   0.03   0.19     97   1.03
lambda[138]   0.08    0.03    0.2 4.8e-4 7.3e-3   0.03   0.08   0.51     63   1.04
lambda[139]   0.11    0.04    0.3 4.2e-4 6.1e-3   0.03    0.1   0.64     48   1.08
lambda[140]   0.06    0.03   0.17 6.3e-4 5.3e-3   0.02   0.06   0.37     43   1.07
lambda[141]   0.06    0.03   0.27 2.0e-4 3.1e-3   0.01   0.04   0.51     91   1.04
lambda[142]   0.04    0.01   0.09 2.7e-4 3.9e-3   0.01   0.04   0.25     76   1.09
lambda[143]   0.19     0.1   0.57 1.7e-4 5.6e-3   0.03   0.11   1.26     32    1.1
lambda[144]   0.05    0.03   0.08 1.1e-4 3.2e-3   0.01   0.06   0.24      8   1.19
lambda[145]   0.05    0.02   0.25 1.4e-4 2.0e-3 7.7e-3   0.03   0.29    172   1.02
lambda[146]   0.08    0.06   0.32 1.5e-5 2.1e-3 8.8e-3   0.03   0.71     28    1.1
lambda[147]   0.16    0.08   0.53 5.0e-4 3.8e-3   0.02   0.08   1.28     43   1.07
lambda[148]   0.09    0.03   0.22 1.0e-3 9.5e-3   0.03   0.09   0.63     42   1.08
lambda[149]   0.07    0.03   0.16 3.5e-4 3.7e-3   0.01   0.06   0.47     21   1.19
lambda[150]   0.11    0.06   0.28 3.0e-4 2.5e-3 8.2e-3   0.05   0.99     25   1.18
lambda[151]   0.24    0.29   0.88 4.8e-4 6.7e-3   0.02   0.08   1.89      9    1.1
lambda[152]   0.19    0.09    1.0 1.7e-4 6.2e-3   0.03   0.11   1.24    116   1.04
lambda[153]   0.05    0.02   0.13 3.6e-4 4.5e-3   0.01   0.04   0.35     72   1.06
lambda[154]   0.08    0.05   0.21 4.8e-4 3.8e-3   0.02   0.06   0.71     15   1.35
lambda[155]   0.06    0.01   0.09 4.8e-5 5.4e-3   0.03   0.08   0.28     36    1.1
lambda[156]   0.06    0.05   0.17 2.0e-4 3.5e-3   0.01   0.05   0.33     13   1.08
lambda[157]   0.06    0.01   0.14 7.1e-4 7.3e-3   0.02   0.06   0.34    139   1.02
lambda[158]    0.1    0.05   0.16 4.9e-4 7.2e-3   0.03   0.12   0.57     12   1.34
lambda[159]    0.1    0.06   0.24 1.1e-3 8.5e-3   0.03   0.08   0.79     16   1.19
lambda[160]   0.13    0.11   0.41 1.9e-4 2.4e-3   0.01   0.07   1.22     14    1.1
lambda[161]   0.03    0.01   0.07 1.6e-4 2.8e-3   0.01   0.03   0.24     51   1.08
lambda[162]   0.06    0.02   0.13 3.3e-4 3.9e-3   0.02   0.06   0.34     33   1.08
lambda[163]   0.04    0.01   0.09 3.9e-4 3.6e-3   0.01   0.04   0.31     45   1.12
lambda[164]   0.27    0.22   0.55 6.0e-4 7.3e-3   0.04   0.28   1.82      6   1.32
lambda[165]   0.16    0.08   0.46 6.5e-4 9.5e-3   0.04   0.12   1.27     32   1.07
lambda[166]   0.07    0.04   0.19 6.5e-4 5.2e-3   0.02   0.05   0.65     23   1.19
lambda[167]   0.13    0.08    0.5 4.9e-4 4.3e-3   0.01   0.06   0.87     40   1.12
lambda[168]   0.06    0.02   0.16 1.4e-4 4.2e-3   0.02   0.06   0.36    102   1.02
lambda[169]   0.53    0.34   1.53 8.1e-4   0.01   0.04   0.21   4.98     20   1.17
lambda[170]   0.08    0.03   0.39 2.2e-4 6.4e-3   0.02   0.05    0.4    130   1.03
lambda[171]   0.08    0.04    0.2 5.3e-4 4.3e-3   0.01   0.05   0.64     31    1.1
lambda[172]   0.06    0.04   0.15 6.5e-5 3.9e-3   0.01   0.05   0.41     12   1.11
lambda[173]   0.08    0.03   0.26 2.9e-4 3.4e-3   0.01   0.04   0.69     78   1.04
lambda[174]   0.03    0.01   0.05 1.3e-4 1.6e-3 5.8e-3   0.02   0.17     22   1.14
lambda[175]   0.26    0.21   1.77 4.6e-4 4.8e-3   0.01   0.05   1.83     68   1.07
lambda[176]   0.07    0.02   0.14 2.1e-4 3.7e-3   0.01   0.07   0.46     51   1.09
lambda[177]   0.04  9.4e-3   0.07 4.7e-4 5.2e-3   0.01   0.05   0.24     52   1.06
lambda[178]   0.14    0.07   0.41 1.1e-3   0.01   0.03   0.11   0.93     32   1.12
lambda[179]   0.03    0.01    0.1 3.9e-4 2.6e-3 7.5e-3   0.03   0.13     80   1.04
lambda[180]   0.14    0.11   0.65 1.9e-4 2.5e-3   0.01   0.06    1.1     34   1.08
lambda[181]   0.23    0.21   0.63 7.6e-4 9.8e-3   0.05   0.21   1.48      9   1.13
lambda[182]   0.04  9.7e-3   0.06 1.5e-4 3.6e-3   0.01   0.04   0.21     44   1.06
lambda[183]   0.14    0.04   0.24 9.6e-4   0.01   0.05   0.15   0.92     35   1.15
lambda[184]   0.04  9.6e-3    0.1 1.9e-4 5.2e-3   0.02   0.04   0.21    105   1.04
lambda[185]   0.06    0.04    0.2 5.5e-4 3.5e-3   0.01   0.03   0.59     28   1.14
lambda[186]   0.03  6.5e-3   0.05 2.3e-4 3.3e-3 9.5e-3   0.03   0.15     63   1.05
lambda[187]   0.24    0.16   0.82 3.5e-4 5.1e-3   0.03   0.12   1.79     27   1.16
lambda[188]   0.06    0.03   0.18 3.0e-4 3.5e-3   0.01   0.03   0.55     28   1.13
lambda[189]   0.04    0.02   0.12 5.7e-4 3.3e-3   0.01   0.03   0.25     28   1.07
lambda[190]   0.43    0.42   1.38 4.7e-4 8.0e-3   0.04   0.35   2.55     11   1.21
lambda[191]   0.03  7.5e-3   0.05 3.3e-4 4.4e-3   0.01   0.03   0.17     46    1.1
lambda[192]   0.05    0.01   0.12 3.1e-4 5.7e-3   0.02   0.06    0.3    106   1.03
lambda[193]   0.05    0.02    0.1 2.2e-4 4.6e-3   0.01   0.04   0.34     30   1.13
lambda[194]   0.14    0.07   0.47 1.9e-4 5.6e-3   0.02   0.09   0.75     43   1.07
lambda[195]   0.03  8.9e-3   0.06 3.4e-5 2.7e-3 9.0e-3   0.03   0.19     48   1.06
lambda[196]   0.04    0.02   0.07 6.3e-5 2.9e-3   0.02   0.05   0.24     17   1.14
lambda[197]   0.04    0.01   0.12 5.3e-4 3.8e-3   0.01   0.04    0.3     64   1.07
lambda[198]   0.13    0.07   0.41 1.3e-3 8.5e-3   0.02   0.07   1.03     34   1.08
lambda[199]   0.06    0.03   0.24 3.9e-4 4.1e-3   0.02   0.05   0.31     72   1.06
lambda[200]   0.08    0.02   0.15 6.0e-4 9.7e-3   0.03   0.07   0.44     41   1.09
lambda[201]   0.36    0.41   0.83 3.1e-4 5.9e-3   0.02   0.15   2.97      4   1.34
lambda[202]   0.14    0.11   0.45 2.3e-4 4.2e-3   0.02   0.07   1.22     16   1.24
lambda[203]   0.08    0.03   0.19 1.0e-3 9.6e-3   0.02   0.07   0.55     31   1.08
lambda[204]   0.04  9.7e-3   0.07 1.2e-4 2.1e-3   0.01   0.05   0.21     55   1.08
lambda[205]    0.1    0.03   0.21 8.1e-4 9.0e-3   0.03   0.11   0.62     38   1.11
lambda[206]   0.04    0.02   0.15 3.2e-4 1.9e-3 6.7e-3   0.02   0.23     77   1.05
lambda[207]   0.08    0.03   0.27 2.1e-4 1.7e-3   0.01   0.05   0.65     66   1.05
lambda[208]   0.08    0.04   0.46 9.3e-5 1.8e-3 8.4e-3   0.04   0.46    105   1.04
lambda[209]   0.07    0.02   0.16 2.5e-4 7.4e-3   0.03   0.09    0.4    100   1.03
lambda[210]   0.06    0.03   0.14 5.7e-4 5.1e-3   0.01   0.06   0.38     21   1.11
lambda[211]    0.1    0.08   0.17 2.3e-4 5.6e-3   0.02   0.12   0.61      5   1.28
lambda[212]   0.13    0.13   0.29 1.1e-4 3.8e-3   0.02   0.09   0.91      5   1.39
lambda[213]   0.08    0.07   0.17 6.8e-4 6.2e-3   0.02   0.07   0.44      5   1.25
lambda[214]   0.24    0.16   0.68 1.3e-3   0.02   0.08   0.28   1.17     18   1.05
lambda[215]   0.09    0.05   0.17 3.5e-5 3.2e-3   0.03   0.12   0.46     13   1.11
lambda[216]   0.09    0.03   0.26 2.0e-4 6.1e-3   0.02   0.08   0.52     67   1.06
lambda[217]   0.05    0.01   0.11 6.9e-5 2.4e-3   0.01   0.06    0.3     62   1.08
lambda[218]   0.03    0.01   0.05 1.8e-4 3.2e-3   0.01   0.04    0.2     24    1.1
lambda[219]   0.19    0.09   0.73 5.4e-4 4.3e-3   0.02   0.09   1.38     59   1.07
lambda[220]   0.05    0.02   0.12 5.8e-5 3.1e-3   0.01   0.04   0.43     34   1.14
lambda[221]   0.25    0.24   0.58 9.5e-4 7.6e-3   0.03   0.23   1.61      6   1.41
lambda[222]   0.05    0.02   0.13 3.2e-4 3.2e-3   0.01   0.04    0.3     35   1.09
lambda[223]   0.03  9.3e-3   0.07 2.6e-4 2.2e-3 7.5e-3   0.02   0.17     60   1.06
lambda[224]   0.08    0.03   0.13 5.2e-4 6.0e-3   0.03   0.08   0.42     28   1.12
lambda[225]   0.11    0.05   0.57 3.9e-4 8.9e-3   0.03   0.09   0.49    146   1.03
lambda[226]   0.06    0.02   0.24 4.1e-4 5.3e-3   0.02   0.05   0.27    171   1.02
lambda[227]   0.16    0.14   0.55 4.4e-4 7.5e-3   0.02   0.11   1.23     15   1.09
lambda[228]   0.22    0.22   0.78 2.5e-4 4.4e-3   0.02   0.09   2.23     13   1.22
lambda[229]   0.22     0.2   0.44 7.6e-4   0.01   0.05   0.18   1.54      5   1.21
lambda[230]   0.18    0.16   0.71 4.4e-4 3.9e-3   0.01   0.04   1.87     20    1.2
lambda[231]    0.1    0.04   0.46 1.3e-3 8.7e-3   0.02   0.07   0.45    124   1.02
lambda[232]    0.1    0.04   0.31 4.5e-4 4.2e-3   0.02   0.06   0.75     79   1.06
lambda[233]   0.06    0.01   0.13 7.1e-4 5.6e-3   0.02   0.06   0.38     79   1.04
lambda[234]   0.06    0.04   0.12 3.9e-4 7.7e-3   0.02   0.06   0.42      8   1.19
lambda[235]   0.06    0.02   0.12 7.1e-4 5.9e-3   0.02   0.05   0.38     33   1.12
lambda[236]   0.07    0.04   0.09 2.2e-3 8.0e-3   0.03   0.09   0.31      7   1.24
lambda[237]   0.05    0.02   0.13 5.7e-5 1.1e-3 7.7e-3   0.05   0.34     27   1.16
lambda[238]   0.07    0.03   0.17 5.6e-4 6.7e-3   0.03   0.08   0.37     39   1.08
lambda[239]   0.07    0.02   0.23 2.6e-4 5.9e-3   0.02   0.07   0.38     97   1.03
lambda[240]   0.28    0.23   1.32 1.3e-3   0.01   0.06   0.23   1.45     33   1.05
lambda[241]   0.05    0.02   0.09 2.2e-4 5.1e-3   0.02   0.05   0.29     33   1.11
lambda[242]   0.04    0.01   0.17 3.8e-4 4.2e-3   0.01   0.03   0.25    193   1.02
lambda[243]   0.04  9.7e-3   0.07 6.6e-4 7.3e-3   0.02   0.05   0.22     53   1.07
lambda[244]   0.07    0.01   0.11 5.5e-4   0.01   0.03   0.08   0.32     57   1.06
lambda[245]   0.05    0.02   0.07 2.8e-4 5.0e-3   0.02   0.06   0.25     11   1.12
lambda[246]    0.6    0.58    1.3 3.3e-4   0.01   0.07   0.63   3.85      5   1.39
lambda[247]   0.06    0.03   0.15 2.8e-4 2.9e-3   0.01   0.07   0.34     19   1.11
lambda[248]   0.09    0.04   0.19 4.0e-4 4.6e-3   0.02    0.1   0.59     19   1.18
lambda[249]   0.06    0.04   0.13 1.8e-4 2.7e-3   0.01   0.05   0.41      9   1.09
lambda[250]   0.08    0.03   0.22 3.4e-4 5.3e-3   0.02   0.08   0.43     60   1.04
lambda[251]   0.15     0.1   0.38 9.2e-5 3.1e-3   0.02   0.07   1.06     14   1.24
lambda[252]   0.05    0.02   0.15 1.9e-4 2.1e-3 8.6e-3   0.04   0.39     39   1.13
lambda[253]   0.07    0.03   0.23 2.3e-4 5.0e-3   0.02   0.04   0.56     46   1.04
lambda[254]   0.05    0.02   0.21 2.0e-4 3.3e-3   0.01   0.04   0.27    107   1.04
lambda[255]   0.07    0.04   0.18 1.5e-4 3.9e-3   0.01   0.05   0.53     16   1.17
lambda[256]   0.05    0.02   0.09 3.9e-4 4.4e-3   0.02   0.04   0.31     34   1.11
lambda[257]   0.08    0.05   0.23 1.5e-4 3.9e-3   0.02   0.07    0.5     19   1.06
lambda[258]   0.03  9.4e-3   0.05 1.4e-4 2.0e-310.0e-3   0.04   0.17     28   1.07
lambda[259]   0.08    0.04   0.33 5.3e-4 5.8e-3   0.02   0.05   0.45     73   1.05
lambda[260]   0.14    0.11   0.39 4.9e-4 7.5e-3   0.03   0.08   1.27     12   1.17
lambda[261]   0.04  9.6e-3    0.1 1.9e-4 4.3e-3   0.01   0.04   0.24    114   1.02
lambda[262]   0.11    0.05   0.27 2.3e-4 3.4e-3   0.02   0.06    1.0     26   1.08
lambda[263]   0.25    0.26   1.79 8.8e-5 3.8e-3   0.01   0.05    0.7     48   1.06
lambda[264]    0.1    0.05   0.45 3.1e-4 5.3e-3   0.02   0.05   0.55     85   1.07
lambda[265]   0.12    0.11   0.27 2.6e-4 4.7e-3   0.03   0.11   0.88      6   1.23
lambda[266]   0.37    0.33   0.74 5.9e-4 7.6e-3   0.04   0.41   2.29      5   1.33
lambda[267]   0.04  7.6e-3   0.07 6.3e-4 5.3e-3   0.02   0.04    0.2     81   1.03
lambda[268]   0.13    0.05   0.34 5.2e-4 6.6e-3   0.02    0.1   0.77     42   1.07
lambda[269]   0.04    0.01   0.06 2.2e-4 4.0e-3   0.02   0.05   0.21     29   1.09
lambda[270]   0.07    0.02   0.13 2.3e-4 7.9e-3   0.03   0.08   0.34     32   1.12
lambda[271]   0.04    0.01    0.1 2.2e-4 4.0e-3   0.01   0.03   0.23     65   1.05
lambda[272]   0.09    0.03   0.23 2.7e-4 6.2e-3   0.03   0.09   0.64     42   1.08
lambda[273]   0.06    0.02   0.13 7.0e-4 4.6e-3   0.02   0.04   0.44     50   1.07
lambda[274]   0.26    0.11   0.58 9.1e-4 8.0e-3   0.05   0.31   1.56     30   1.13
lambda[275]   0.11    0.07   1.44 1.7e-4 3.0e-3   0.01   0.05   0.45    414   1.01
lambda[276]   0.04    0.01   0.09 2.7e-4 4.4e-3   0.02   0.04   0.26     73   1.05
lambda[277]   0.03  8.0e-3   0.06 1.1e-4 1.5e-3 8.1e-3   0.03   0.17     53    1.1
lambda[278]   0.92    1.07   2.15 7.6e-4 7.6e-3   0.03   0.27    7.0      4   1.78
lambda[279]   0.03  7.7e-3   0.09 5.4e-5 1.8e-3 9.4e-3   0.03   0.22    141   1.02
lambda[280]   0.41    0.22    3.2 1.2e-3 7.0e-3   0.03   0.14   2.04    202   1.02
lambda[281]   0.27    0.17   0.87 3.0e-4 4.7e-3   0.02   0.12   2.19     27   1.16
lambda[282]    0.1    0.03   0.23 7.7e-4 8.5e-3   0.04    0.1   0.61     52   1.07
lambda[283]   0.05    0.03   0.15 5.7e-6 2.2e-3 8.3e-3   0.02   0.47     33   1.08
lambda[284]   0.08    0.03    0.2 2.2e-4 6.0e-3   0.02   0.07   0.47     35   1.06
lambda[285]   0.24    0.15   0.42 1.1e-3 8.8e-3   0.05   0.33   1.26      8   1.16
lambda[286]   0.07    0.03   0.16 2.0e-4 5.4e-3   0.02   0.07   0.49     33   1.12
lambda[287]   0.03  6.5e-3   0.05 2.7e-4 3.1e-3   0.01   0.03   0.15     70   1.05
lambda[288]   0.12    0.08   0.58 5.9e-4 5.8e-3   0.02   0.05   0.98     50   1.09
lambda[289]   0.06    0.02   0.15 2.7e-4 3.1e-3 9.9e-3   0.04   0.52     49   1.07
lambda[290]    0.1    0.05   0.25 2.2e-4 7.5e-3   0.02   0.07   0.61     29   1.08
lambda[291]   0.06    0.03    0.2 4.6e-4 4.3e-3   0.01   0.04   0.51     53   1.04
lambda[292]   0.04    0.01   0.09 3.4e-4 2.5e-3 8.9e-3   0.03   0.26     47   1.08
lambda[293]   0.06    0.03   0.14 2.1e-4 3.5e-3   0.02   0.05   0.43     27   1.08
lambda[294]   0.04    0.01    0.1 4.8e-5 1.1e-3 8.6e-3   0.03   0.28     48   1.07
lambda[295]   0.08    0.03   0.16 5.3e-5 4.9e-3   0.02   0.07    0.5     35    1.1
lambda[296]   0.05    0.01   0.11 2.3e-4 3.1e-3 9.5e-3   0.04   0.31     87   1.05
lambda[297]   0.13    0.03   0.24 1.3e-3   0.01   0.04   0.13   0.83     65   1.06
lambda[298]   0.05  7.3e-3   0.07 7.2e-4 8.6e-3   0.03   0.07   0.25    101   1.04
lambda[299]   0.04    0.02   0.11 1.2e-4 2.1e-3 7.8e-3   0.03   0.29     21   1.15
eta[0]        5.76    5.03  35.24   0.08   0.47   0.86   1.73  17.15     49   1.06
eta[1]      203.17   67.61 549.27   1.05   6.84  26.08 146.57 1629.0     66   1.06
eta[2]       223.1   112.0 976.44   0.74   5.44  24.58  97.96 1746.9     76   1.04
eta[3]       88.92   21.22 283.94   0.45   3.04  10.03  69.49 626.68    179   1.04
eta[4]      155.04   57.88 631.43   0.38   2.98  22.65  98.11 1181.3    119   1.04
eta[5]      276.88   91.44 702.35   0.66   6.78  42.21 238.11 2178.9     59   1.06
eta[6]         1.4    0.22   2.61   0.06   0.33   0.72   1.38   7.53    138   1.04
eta[7]        2.33    0.79   4.94 9.0e-3    0.4   0.99    2.2  15.71     39   1.18
eta[8]        2.17    0.32   3.07   0.13   0.53    1.2   2.51  11.97     94   1.04
eta[9]        3.09    1.19  11.56   0.11   0.53   1.06   2.22  16.23     94   1.04
eta[10]       1.51    0.22    2.0   0.08   0.45   0.91   1.76   6.65     86   1.05
eta[11]       2.01     0.3   2.87   0.07   0.51   1.03   2.27  10.38     91   1.05
eta[12]       2.37    0.65   4.21   0.07   0.57   1.12   2.43  11.22     42   1.09
eta[13]       1.78    0.26   2.81   0.12   0.48   1.05   1.95   7.74    118   1.04
eta[14]        5.4    3.83  23.63   0.08   0.49   1.03   2.78  35.85     38   1.07
eta[15]       7.13    1.99  16.17   0.08   0.77   1.76   6.25  43.86     66   1.05
eta[16]       2.09    0.47   3.42   0.05    0.4   0.99   2.42  10.55     52   1.07
eta[17]       5.18    1.64  18.44   0.09    0.6    1.5   3.81  32.04    126   1.03
eta[18]       2.57    1.02   4.21   0.13   0.66   1.41   2.59  13.73     17   1.14
eta[19]       1.97    0.34   3.06   0.12   0.55   1.14    2.0  11.39     79   1.05
eta[20]       2.08    0.53   4.36   0.04   0.36    0.9   2.02  12.39     67   1.07
eta[21]       2.79    0.92   6.48   0.07    0.4   0.98   2.38  19.05     50   1.08
eta[22]       2.07    0.47   4.02   0.08   0.48   0.92   2.12   11.1     73   1.04
eta[23]       2.13    0.78   7.04   0.06   0.33   0.81    1.6  11.86     82   1.04
eta[24]       2.22    0.51   4.59   0.06   0.39   0.89   1.85  14.62     81   1.07
eta[25]       2.87    1.52   6.07   0.06   0.36   0.97   2.43  21.22     16   1.27
eta[26]       1.87    0.64   3.31 5.4e-3   0.31   0.87   2.01  11.32     27   1.19
eta[27]       3.05    1.05   9.19   0.02    0.4   1.09   2.39  17.87     77   1.06
eta[28]       8.87    6.05  24.21   0.05   0.59   1.24   4.49  83.34     16   1.19
eta[29]        3.5    1.43   7.81   0.06    0.5    1.3   2.99  21.27     30   1.13
eta[30]       2.86    0.64   3.63   0.12   0.66   1.53   3.56  12.65     32   1.13
eta[31]       2.63    1.36   9.16   0.08   0.33   0.75    1.7  13.08     45   1.06
eta[32]       3.06    0.95   6.28   0.05   0.47   1.07   2.78  24.35     44    1.1
eta[33]        1.1     0.1   1.35   0.05   0.32   0.71   1.29   4.93    170   1.01
eta[34]       2.63    0.75   8.71   0.07   0.51   0.93   1.85  13.94    134   1.03
eta[35]        2.0    1.08   3.74 2.0e-3   0.13   0.67   2.04  12.66     12   1.12
eta[36]       2.35    1.07   9.18   0.02    0.2   0.62   1.45  14.46     74   1.04
eta[37]        1.8    0.44   3.15   0.02   0.35   0.85   1.71  11.44     51   1.05
eta[38]       1.43    0.79   3.07   0.02   0.16   0.38   1.26  11.57     15   1.14
eta[39]       2.62    0.68   4.76   0.07    0.3   1.01   2.98  15.32     49   1.09
eta[40]       1.52    0.25   1.92   0.08   0.42   0.99   1.92   6.54     57   1.03
eta[41]       1.63    0.25   2.19    0.1    0.5   1.07   1.96   6.75     74   1.06
eta[42]        3.0     1.5   6.52   0.05   0.47   1.14   3.02  17.37     19   1.08
eta[43]       4.16    1.96  14.25 4.8e-3   0.53   1.35   3.03  25.41     53   1.05
eta[44]       1.24    0.19   2.16   0.07   0.32   0.75   1.51   5.05    134   1.02
eta[45]       2.35    0.46   4.34   0.04   0.52   1.15   2.62  12.93     88   1.03
eta[46]       1.82     0.4   3.06   0.08   0.41   1.02   2.01   9.85     57   1.05
eta[47]       3.16    0.53   5.83   0.14   0.81   1.51   3.33  16.51    121   1.04
eta[48]       2.63    0.54   4.29   0.11   0.63   1.32   2.86  11.16     64   1.05
eta[49]       2.04    0.42   3.18   0.05    0.4   1.16    2.5  10.27     56   1.07
eta[50]       2.74    0.56   7.05   0.08   0.42   1.11   2.55  16.88    160   1.04
eta[51]       2.55    0.35   3.28    0.1   0.65   1.42   3.34  11.76     90   1.03
eta[52]       8.43    5.05  29.42   0.07   0.45   1.18   3.98  86.87     34   1.09
eta[53]       2.98    0.78   4.62    0.1   0.51   1.24    2.9  15.48     35   1.07
eta[54]       1.89    0.46   6.69   0.06   0.39    0.8    1.5  11.15    212   1.03
eta[55]        2.2     0.8   4.55   0.02   0.27   0.83   2.07   14.3     32    1.1
eta[56]        2.0     0.3   2.58   0.15   0.66   1.28   2.32   9.33     73   1.05
eta[57]       5.37    4.78  20.29   0.04   0.35   1.07   2.42  53.73     18   1.14
eta[58]       2.66    0.52   7.31   0.09   0.51   1.09    2.5  14.56    195   1.02
eta[59]       2.16    0.48    4.1   0.06   0.44   1.05   2.11  11.69     74   1.04
eta[60]       1.36    0.15   1.79   0.13   0.45   0.88   1.56   5.78    147   1.02
eta[61]       2.45    0.38    3.9   0.19   0.63   1.29   2.81  11.25    103   1.05
eta[62]       1.87     1.0   7.39   0.08   0.41    0.8    1.6   8.28     55   1.05
eta[63]       4.89     2.2  19.15   0.05   0.36   0.95   2.41  44.86     76   1.05
eta[64]       2.33    0.64    3.8   0.07   0.48    1.1   2.64  11.67     35   1.11
eta[65]       2.73    0.97   5.64   0.08   0.46   1.23   2.99  15.01     34    1.1
eta[66]       1.45    0.26   1.79   0.09   0.42    0.8   1.67   6.18     47   1.04
eta[67]       3.94    1.69  17.72   0.05   0.53   1.38   2.96  14.31    110   1.04
eta[68]       2.64    0.52   6.27   0.05   0.44   1.02    2.4  15.82    146   1.03
eta[69]       2.47    1.42   5.86   0.02   0.35    0.8   1.72  21.52     17   1.26
eta[70]       2.29     1.3   6.24   0.03   0.39   0.85   1.73  17.75     23   1.15
eta[71]       5.25    2.81  19.26   0.13   0.67   1.27   2.83  45.16     47   1.11
eta[72]       6.56    3.31  29.05   0.05   0.57   1.37   3.32  40.84     77   1.08
eta[73]       1.83    0.44    3.4 7.8e-3   0.26   0.82   1.92   9.85     59   1.07
eta[74]       3.05    0.91   9.58   0.08   0.51   1.19   2.37  16.04    112   1.04
eta[75]       1.85    0.43   2.98    0.1   0.48   1.02   1.93   9.24     48   1.07
eta[76]        2.1    0.45   5.12   0.02   0.32   0.81   1.95  12.46    129   1.02
eta[77]       3.38    0.96  14.67   0.03   0.46   1.16   2.63  17.91    235   1.01
eta[78]       2.58    0.74   7.73   0.08   0.51   1.01   2.18  15.36    108   1.03
eta[79]       1.08    0.33   2.02   0.03   0.21   0.53   1.08   6.13     37    1.1
eta[80]       2.75    0.73   6.19   0.09   0.49   1.14   2.56  11.65     71   1.04
eta[81]       3.35    1.98  14.25   0.04   0.31   0.79   1.78  20.13     52   1.06
eta[82]       2.57     0.7   7.31   0.06   0.43   0.93   1.99   15.4    110   1.04
eta[83]       1.71     0.3   2.51   0.04   0.37   0.86   1.81    9.5     69   1.03
eta[84]       1.83    0.81   5.86   0.02   0.31   0.77   1.57   9.41     53   1.07
eta[85]       1.71    0.39   2.44    0.1   0.41   0.96   1.82   8.97     39   1.11
eta[86]       1.22    0.22   1.71   0.04   0.24   0.65   1.55   5.65     58   1.06
eta[87]       1.67    0.32   2.24   0.03   0.44   0.94   1.99   7.55     48   1.08
eta[88]       5.23    3.24  20.97   0.08    0.4   0.98   2.36  48.12     42   1.11
eta[89]       2.27     0.4   3.48   0.09   0.49   1.11   2.53   9.92     77   1.04
eta[90]       5.39     4.8  10.74   0.05   0.49   1.24   5.08  32.65      5   1.25
eta[91]       3.74    1.18  10.01   0.07   0.41   1.16   3.54  23.95     72   1.07
eta[92]       2.01    0.27    2.8   0.06   0.46   1.07   2.42   9.24    106   1.03
eta[93]       2.61    1.11   6.06   0.03   0.46    0.9   2.22  16.53     30   1.11
eta[94]       1.92    0.25   2.94   0.03   0.47   1.09   2.48   9.47    144   1.02
eta[95]       1.55    0.29   2.52   0.04   0.43    0.9   1.72   7.66     76   1.06
eta[96]       3.84     1.9  10.26   0.13   0.53   1.35   2.89  23.85     29    1.1
eta[97]       1.92    0.43    3.8   0.04    0.3    0.8   1.87  12.42     79   1.03
eta[98]       3.41    1.36   13.6   0.03   0.39   0.96   2.72  17.69    100   1.04
eta[99]       1.24    0.28   2.27   0.09   0.35   0.62   1.12   6.92     67   1.07
eta[100]      5.24    1.52  18.82   0.07   0.65   1.56   4.42   30.2    153   1.04
eta[101]      1.86    0.36   2.96   0.09   0.39   0.95   2.12   9.77     69   1.06
eta[102]      1.54    0.22   2.48   0.12   0.43    0.8   1.63   7.82    126   1.02
eta[103]      2.42    1.25   4.83   0.04   0.35   0.86   2.41  14.03     15   1.12
eta[104]       9.5     8.3  34.24   0.06   0.36   1.36   3.76  93.42     17   1.23
eta[105]      2.41     0.8   5.51 8.5e-3   0.31   0.77   2.26  15.97     47   1.08
eta[106]      2.16    0.39   3.15   0.08   0.53   1.03   2.51  10.31     66   1.04
eta[107]      3.74    1.58  14.19   0.04    0.5   1.13   2.38  23.71     81   1.03
eta[108]      3.84    1.11   9.89   0.06   0.64   1.25   3.05  23.57     80   1.05
eta[109]      1.04    0.26   1.47   0.01   0.15   0.49   1.22   5.67     33   1.08
eta[110]      3.96     1.5  13.22    0.1    0.5   1.06   2.15  37.96     78   1.06
eta[111]      2.02    1.19   4.78   0.05   0.37   0.77   1.84  12.86     16   1.08
eta[112]      2.69    1.52   8.35   0.05   0.36   0.82   1.88  17.82     30   1.11
eta[113]      2.26    0.35   4.18   0.08    0.5   1.12    2.1  13.18    145   1.02
eta[114]      1.45     0.4   5.45   0.08    0.3   0.69   1.37   6.72    186   1.02
eta[115]       2.6    0.64   4.07   0.07   0.44   1.06   2.77   15.6     40   1.07
eta[116]      6.46    4.35   37.9   0.08    0.5   1.21    2.8  27.21     76   1.04
eta[117]      1.66    0.35   3.59   0.06   0.42   0.95    1.7   7.82    105   1.03
eta[118]      2.42    1.34   8.16   0.01    0.3   0.74   1.91  10.18     37   1.08
eta[119]      1.76    0.43   3.51 4.4e-3   0.33   0.89   1.84   9.34     68   1.07
eta[120]      2.59    0.64   4.48   0.17   0.56    1.1   2.47  16.86     49    1.1
eta[121]      3.26    1.23  13.63   0.07   0.38   0.98   2.17  19.19    123   1.03
eta[122]      1.32     0.2   2.51   0.03   0.27   0.67   1.53   6.72    164   1.02
eta[123]       1.8    0.63   6.03   0.03   0.23   0.61   1.49  10.23     91   1.04
eta[124]      2.04    0.33   2.92   0.03   0.43   1.13    2.5   9.62     80   1.04
eta[125]      3.41     2.5  15.21   0.06   0.37   0.85   1.65  24.03     37   1.08
eta[126]      1.54    0.16   1.89   0.08   0.49   1.02   1.82   6.47    142   1.03
eta[127]      2.82     1.5   5.41   0.03   0.43    1.1   2.71  16.68     13   1.08
eta[128]      5.95    4.69  66.83   0.04    0.3   0.67   1.48   8.86    203   1.02
eta[129]      1.84    0.37   2.79   0.05   0.44   0.98   2.12   9.34     56   1.06
eta[130]       2.6    1.01   5.55   0.17   0.58   1.19   2.62  11.98     30    1.1
eta[131]      1.71    0.28   3.65   0.07   0.45   0.88   1.81   7.91    169   1.01
eta[132]      2.11    0.34   4.31   0.03   0.38   0.95   2.01  12.15    160   1.05
eta[133]      1.72    0.31    3.1   0.06   0.38   0.92   1.73   9.31     99   1.05
eta[134]      2.84    0.64   5.73   0.05   0.59   1.24   2.76  15.46     81   1.03
eta[135]       1.5    0.26   2.68   0.04    0.4   0.87   1.73   6.13    110   1.06
eta[136]      1.52    0.56   3.19   0.04   0.21   0.67   1.46   9.23     32   1.14
eta[137]      1.29     0.2   1.88   0.02   0.35   0.68   1.47    6.7     90   1.03
eta[138]       3.7    1.39   9.41   0.09   0.56   1.35   2.69  27.14     46   1.06
eta[139]      2.76    0.75   6.96   0.07   0.41   0.96    2.1  18.56     85    1.1
eta[140]      1.96    0.34   4.25   0.07   0.51   0.98   2.16  10.59    156   1.04
eta[141]      5.55    4.08  38.24   0.03   0.25   0.68   1.85  17.91     88   1.05
eta[142]      1.69    0.48   2.74   0.04   0.27   0.76   1.83   9.48     32   1.14
eta[143]      3.84    1.96   6.51   0.08   0.51   1.19    3.7  21.69     11   1.19
eta[144]      1.74     0.3   2.09   0.01   0.37   0.98   2.23   7.42     49   1.08
eta[145]      1.35    0.32   2.68   0.03   0.25   0.54   1.32   9.14     70   1.06
eta[146]      1.61    0.61   4.06 6.4e-3   0.26   0.74   1.58   8.58     44   1.06
eta[147]      2.36    0.76   5.54   0.03    0.4   0.87   1.99   13.9     53   1.06
eta[148]      2.96    0.84   5.67   0.13   0.72   1.37   2.88  17.02     46   1.07
eta[149]      1.65    0.39   2.52   0.04    0.4   0.82   1.71   9.44     42   1.09
eta[150]      3.54     1.8   9.34   0.04   0.23   0.61   2.06  30.23     27   1.16
eta[151]      4.88     2.8  10.83   0.08   0.51   1.23   3.46   38.6     15   1.16
eta[152]      3.17    1.31   11.1   0.06   0.49   0.97    2.4  18.08     72   1.06
eta[153]      1.79    0.31   3.62    0.1   0.43   0.89   1.96   9.25    133   1.03
eta[154]      2.52    0.62   7.19   0.05   0.36   1.02   2.23  12.63    135   1.05
eta[155]      2.13    0.45   3.24 8.9e-3    0.5   1.21   2.64   9.62     51   1.07
eta[156]      2.02    0.41   3.14   0.02   0.31    0.9   2.44   9.72     59   1.06
eta[157]      1.85    0.33    3.2   0.09   0.47   0.87   1.91   9.37     95   1.02
eta[158]       3.0    0.89  11.67   0.09   0.44   1.02   1.94  18.21    172   1.04
eta[159]      3.83    2.54  10.15    0.1   0.48   1.09   2.45   34.7     16   1.15
eta[160]      2.24    1.16   5.05   0.04    0.3   0.93   2.11  12.68     19    1.1
eta[161]      1.86    0.61   4.83   0.03   0.44   0.89   1.69   9.27     62   1.07
eta[162]      1.66    0.25   2.29   0.12   0.46   0.97   1.97   6.95     85   1.02
eta[163]      2.07    0.61    4.8   0.08    0.4   0.85   1.75  13.05     62   1.06
eta[164]      4.88    1.33   8.18   0.26   0.87    1.7   5.08  29.79     38   1.09
eta[165]       4.2    1.43   9.47    0.1   0.52   1.37   3.09  28.03     44   1.06
eta[166]      2.55    0.64    4.6   0.09    0.5   1.03   2.36  13.97     51   1.08
eta[167]      4.69    2.04  12.24   0.09   0.45   1.07   2.61  44.35     36   1.12
eta[168]       2.5    0.67   6.58   0.03   0.48   0.99   2.15  15.34     97   1.04
eta[169]      7.51    2.18  15.43   0.11   0.76   1.91   5.74  52.69     50   1.04
eta[170]      3.09    1.45  19.09   0.05   0.44   0.91   1.94  10.27    174   1.02
eta[171]      2.86    0.63   8.91   0.09    0.4   0.94   2.32  19.09    199   1.05
eta[172]      1.89    0.59   2.69   0.03   0.45   1.03   2.16   9.09     21    1.1
eta[173]       2.3    0.58   5.44   0.05   0.37   0.89   2.04  15.21     87   1.03
eta[174]      0.96    0.29    1.4   0.02   0.19   0.45    1.1   5.31     23   1.13
eta[175]      5.29    3.56  17.09   0.05   0.54   1.06   2.28  60.24     23   1.25
eta[176]      1.95     0.4   3.64   0.03   0.32   0.86   1.95  12.61     82   1.04
eta[177]      1.64    0.33   3.19   0.12    0.5   0.88   1.56   9.08     95   1.03
eta[178]      7.04    4.07  31.24   0.12   0.72   1.37   3.52   34.4     59   1.07
eta[179]      1.49    0.63   4.42   0.06    0.3    0.7   1.47    7.3     50   1.05
eta[180]      3.92    2.68   9.27   0.04   0.41    1.1   3.05  23.19     12   1.17
eta[181]      7.62    3.06  24.28   0.14   0.73   1.54    3.8   65.9     63   1.07
eta[182]      1.27    0.14    1.6   0.04   0.37   0.82   1.46   5.28    126   1.04
eta[183]      3.78    1.04   8.42    0.1   0.65   1.34   3.42  24.71     65   1.05
eta[184]      1.61    0.28   2.26   0.12   0.49   0.85   1.72    7.9     66   1.06
eta[185]      1.77    0.25   3.43   0.05   0.33   0.88   1.92   8.98    189   1.03
eta[186]       1.6    0.35   2.66   0.08   0.37   0.88    1.7   8.92     58   1.07
eta[187]     10.94    8.82  51.45   0.02    0.3   0.85   2.31  97.74     34   1.15
eta[188]      5.01    4.56  20.88   0.03   0.22   0.78   1.54  56.98     21   1.16
eta[189]      1.57    0.28   2.86   0.07   0.33   0.81   1.89   6.58    107   1.04
eta[190]      4.12    3.23   6.46   0.07   0.62   1.57   4.61   24.7      4    1.3
eta[191]      1.23    0.26   1.44   0.09   0.32   0.74   1.48    5.5     30   1.16
eta[192]      2.57    0.38   6.64   0.06    0.4   0.98   2.09  14.39    298    1.0
eta[193]      1.79    0.46   2.49   0.03   0.36   0.89   1.97   8.45     29   1.09
eta[194]      4.19    1.97  16.23   0.07   0.49   1.06   2.32  28.18     68   1.06
eta[195]      2.09    1.11   7.68   0.02   0.25    0.6    1.5   12.4     48   1.06
eta[196]      1.18    0.32   1.62   0.02   0.26   0.74   1.35   6.45     26   1.11
eta[197]      1.95    0.71    4.1   0.11   0.35   0.75   1.65  14.81     33   1.19
eta[198]      3.21     1.6  11.66   0.12   0.55   0.96    2.1  21.48     53   1.05
eta[199]      2.18    0.48   4.68   0.07   0.51   1.03   2.28  10.51     96   1.06
eta[200]      2.89     0.7    5.9    0.1   0.55   1.14   2.54  19.97     71   1.05
eta[201]      3.66    1.82   7.51   0.04   0.39   1.32   3.19  26.73     17   1.14
eta[202]      2.47    0.85   4.34   0.05   0.46   1.08   2.33  16.13     26   1.18
eta[203]      2.59    0.67    4.7   0.08   0.54   1.18   2.66  13.19     49   1.07
eta[204]      1.53    0.23   2.86   0.01   0.32   0.83   1.88   6.34    161   1.01
eta[205]      2.42    0.43   3.97   0.17   0.65   1.15   2.59  12.42     85   1.07
eta[206]      2.74    1.56  13.51   0.05   0.28    0.6   1.41  13.71     75   1.06
eta[207]      2.64     0.7   4.81   0.04    0.3    0.8    2.7  15.68     47   1.06
eta[208]      1.86    0.54   3.64 8.7e-3   0.24   0.75   1.78  11.05     46    1.1
eta[209]       2.8    0.87   7.39   0.06   0.55   1.25   2.48  14.11     72   1.05
eta[210]      2.68     0.7   5.48   0.12   0.59    1.1    2.7  13.27     61   1.06
eta[211]      3.57    1.62   6.27   0.03    0.5   1.33   3.93  20.73     15   1.15
eta[212]       2.3     0.9   4.48   0.06   0.38   0.92   1.96  16.47     25   1.11
eta[213]      2.07    0.63   4.68   0.05   0.43   0.83   1.85  14.05     55   1.08
eta[214]      4.55    1.36  11.35   0.13   0.82   1.69   4.25  26.15     70   1.04
eta[215]      2.26    0.46   3.71   0.02   0.35   1.13   2.31  13.24     65   1.06
eta[216]      2.67    0.49   4.57   0.07   0.59   1.42   2.83  13.58     86   1.05
eta[217]      1.78    0.42   3.06   0.04   0.37   0.91   1.92   9.52     53   1.06
eta[218]      1.41    0.25   2.25   0.03   0.34   0.78   1.64   6.88     81   1.04
eta[219]      9.02    5.28  35.04   0.06   0.39   0.95   3.11  90.88     44    1.1
eta[220]      1.85    0.62   3.34   0.04   0.43   0.93   1.81  12.14     29   1.12
eta[221]      2.43    0.67   3.22   0.12   0.67   1.35   3.06  10.44     23   1.08
eta[222]      1.94    0.61   6.76   0.01    0.3   0.75   1.64   9.29    123   1.04
eta[223]      1.81    0.46   5.26   0.03   0.27   0.74   1.69  10.66    130   1.05
eta[224]      3.23    1.32   9.97   0.08   0.54   1.16   2.67  15.92     57   1.07
eta[225]      2.92    0.58   6.58   0.06   0.51   1.24   3.11  14.99    128   1.02
eta[226]      2.43    0.54   4.76   0.06   0.45   1.03   2.34  14.23     77   1.04
eta[227]      2.27    0.55   4.76    0.1   0.49   1.01   2.15  11.13     74   1.04
eta[228]      3.59    2.07   8.02   0.05   0.58   1.16   2.52  29.63     15   1.17
eta[229]      3.64    1.05   6.37   0.08   0.76   1.43   3.41  25.29     37    1.1
eta[230]      2.88    1.37   6.83   0.04   0.34   0.82   1.96  24.71     25   1.15
eta[231]      3.88    1.42  10.44   0.11    0.6    1.2   2.89  31.73     54   1.06
eta[232]      3.27    1.44  10.88   0.09   0.46    1.1   2.43  16.47     57   1.05
eta[233]      2.47    0.76   7.38   0.06   0.33   0.74   1.84  15.84     94   1.04
eta[234]      2.52    0.66   8.88    0.1   0.51   1.03   2.33   9.55    182   1.03
eta[235]      1.55    0.33    2.2   0.06   0.47   0.95   1.65   7.01     44   1.09
eta[236]      2.52    0.53   4.41   0.17    0.6   1.33   2.79  11.74     69   1.06
eta[237]      1.88    0.88   4.14   0.02    0.2   0.57   1.59  13.49     22   1.16
eta[238]       2.4    0.74   7.08   0.08   0.49   1.12   2.08  11.85     91   1.04
eta[239]      2.04    0.38   4.52   0.03   0.45   0.85   1.92  12.73    140   1.02
eta[240]      5.14    2.79  11.17   0.24   0.86   1.83    3.9   37.9     16   1.23
eta[241]      1.85    0.47   4.01   0.05   0.43   1.01   1.75   9.01     73   1.05
eta[242]      1.95    0.36   7.66   0.04   0.37   0.76   1.79   8.46    465   1.01
eta[243]      1.75    0.33   2.01   0.08   0.59   1.11   2.15   7.84     38   1.14
eta[244]      1.99    0.27   2.63   0.08    0.6   1.11   2.34   9.12     96   1.02
eta[245]      1.64    0.25   2.17   0.06   0.45   0.95   1.92   7.72     74   1.04
eta[246]     10.41    7.72  20.43   0.08   0.61   1.69   7.62  66.96      7   1.34
eta[247]      1.92    0.38   3.59   0.05   0.28    0.8    1.9  11.14     88   1.07
eta[248]      2.68    0.68   5.67   0.04   0.39   0.97   2.65  14.76     69   1.07
eta[249]      2.76    1.09  13.18   0.05   0.36   0.98   2.07  11.24    147   1.03
eta[250]      2.11    0.78   5.46   0.08   0.37   0.83    1.8  14.34     49   1.06
eta[251]      2.42    0.98    4.8   0.04   0.39   0.87   2.24  14.21     24   1.15
eta[252]      1.55    0.29   3.28   0.02   0.22   0.75   1.68   7.48    131   1.04
eta[253]      3.62     1.7  23.67   0.05   0.39   0.83   1.83   14.7    195   1.01
eta[254]      2.65    1.37   8.65   0.06   0.35   0.77   1.67  22.88     40    1.1
eta[255]      2.01    0.85   3.97   0.03   0.31   0.75   1.85  12.44     22   1.07
eta[256]      1.97    0.46   4.49   0.05   0.37   0.86   1.85  11.04     95   1.04
eta[257]      2.53    0.84   6.14   0.05   0.41   0.92   2.07  13.63     54   1.07
eta[258]      1.37    0.17   2.42   0.03   0.27   0.72   1.62   6.95    204   1.01
eta[259]      2.77    1.22   6.81   0.07   0.37   0.95   2.58   20.7     31   1.08
eta[260]      3.02    0.64   5.47   0.11   0.67   1.39   2.88  19.43     74   1.09
eta[261]      1.38    0.16   1.72   0.03   0.34   0.82   1.91   5.86    110   1.04
eta[262]      3.05    0.96   7.53   0.08   0.49   1.16    2.7  25.06     62   1.06
eta[263]       4.3    2.76  19.88   0.03   0.35   0.83   1.99  25.18     52   1.06
eta[264]      1.58    0.28   3.19   0.05   0.45   0.86   1.72   6.95    128   1.02
eta[265]      3.07    1.12   6.93   0.07   0.53   1.08    2.8  18.73     38   1.06
eta[266]      5.76    1.98  18.51   0.17   0.63   1.39   3.46  37.52     87   1.03
eta[267]      1.34    0.18   2.17    0.1   0.46   0.87   1.46   5.82    138   1.02
eta[268]      5.08    2.62  13.62   0.07    0.4   1.02   3.06  52.43     27   1.08
eta[269]      1.47    0.29   1.91   0.06   0.41   0.89   1.64   6.93     42   1.07
eta[270]      2.27    0.59    5.5   0.03   0.46    1.0   2.02  12.34     88   1.06
eta[271]      1.28     0.2    1.8   0.02   0.37   0.82   1.59   4.94     78   1.04
eta[272]      3.53    1.15  12.55   0.05    0.5   1.03   2.38  26.08    119   1.04
eta[273]      2.34    0.52   4.55   0.08   0.49   1.13   2.23  14.31     76   1.05
eta[274]     11.96    7.59  44.87   0.11   0.49   1.24   4.28  90.12     35   1.15
eta[275]      6.43    3.09  26.42   0.03   0.28   0.68   1.93  62.12     73   1.06
eta[276]      2.17     0.5   5.92   0.04   0.39    0.8   1.89  13.68    140   1.02
eta[277]      1.18    0.22   1.91 8.2e-3   0.19   0.64   1.42    5.5     74   1.04
eta[278]      7.36    3.34   20.3   0.09   0.47   1.32   4.75  50.24     37    1.1
eta[279]      1.29    0.23   2.14 9.8e-3   0.17   0.63   1.41   7.92     87   1.03
eta[280]      5.35    2.73  21.48   0.15   0.55   1.32   3.31  31.62     62   1.06
eta[281]      6.19    2.88  20.59   0.09   0.49   1.13   3.31  63.64     51   1.08
eta[282]      3.39    1.66   9.26   0.05   0.54   1.52   3.21  16.27     31    1.1
eta[283]       2.1     0.9   9.67 2.6e-4   0.23   0.74   1.78   6.92    115   1.03
eta[284]      2.16    0.38   3.17   0.07   0.52   1.08   2.49   9.87     69   1.05
eta[285]      4.52    1.23  10.08   0.12   0.69   1.54   4.39  25.78     67   1.04
eta[286]      2.25    0.42    3.5   0.03    0.5    1.0    2.4  12.77     70   1.03
eta[287]      1.29    0.21   2.47   0.04    0.3   0.61   1.31   6.47    140   1.03
eta[288]      2.83    0.95   9.61   0.08   0.41   0.91   2.13  13.82    103   1.04
eta[289]      2.19    0.52   5.41   0.06   0.33   0.77   1.66  14.18    110   1.02
eta[290]      1.91    0.46    4.1   0.03   0.45   1.06    1.9   9.72     79   1.05
eta[291]      1.46    0.26   2.47   0.08   0.39   0.74   1.58   7.14     90   1.04
eta[292]      1.61    0.34   3.06   0.08   0.38   0.79   1.65   8.54     79   1.04
eta[293]      1.77    0.79   4.38   0.06   0.27   0.74   1.58  11.65     31   1.06
eta[294]      1.72    0.42   3.79 5.2e-3   0.29   0.74   1.46  11.13     82   1.08
eta[295]      2.28    0.63   4.74 2.0e-3   0.32    0.8   2.19  14.95     57   1.07
eta[296]       1.8    0.44   3.99   0.03   0.26   0.68   1.58  11.24     83   1.06
eta[297]      3.45    1.01   8.18    0.1   0.52   1.14   2.86  22.82     65   1.08
eta[298]      2.72    0.78   6.14   0.02   0.53   1.13   2.47  17.42     62   1.05
eta[299]      1.54    0.34   3.27   0.03   0.26   0.71   1.56   8.63     95   1.04
tau           0.02  7.0e-3 9.9e-3 7.6e-3   0.01   0.02   0.03   0.04      2   2.64
lp__        235.51  101.32 143.29 -12.69 122.79 223.76 360.85 472.02      2   3.25

Samples were drawn using NUTS at Sun Apr 16 15:57:36 2017.
For each parameter, n_eff is a crude measure of effective sample size,
and Rhat is the potential scale reduction factor on split chains (at 
convergence, Rhat=1).